1.020500 3.967418e-21
1.041000 3.053834e-21
1.061500 2.389672e-21
1.082000 1.902609e-21
1.102500 1.542195e-21
1.123000 1.272987e-21
1.143500 1.069921e-21
1.164000 9.151503e-22
1.184500 7.958888e-22
1.205000 7.029179e-22
1.225500 6.295505e-22
1.246000 5.709064e-22
1.266500 5.234032e-22
1.287000 4.843955e-22
1.307500 4.519187e-22
1.328000 4.245050e-22
1.348500 4.010512e-22
1.369000 3.807237e-22
1.389500 3.628882e-22
1.410000 3.470594e-22
1.430500 3.328635e-22
1.451000 3.200108e-22
1.471500 3.082750e-22
1.492000 2.974785e-22
1.512500 2.874802e-22
1.533000 2.781677e-22
1.553500 2.694507e-22
1.574000 2.612557e-22
1.594500 2.535226e-22
1.615000 2.462019e-22
1.635500 2.392523e-22
1.656000 2.326390e-22
1.676500 2.263325e-22
1.697000 2.203078e-22
1.717500 2.145430e-22
1.738000 2.090191e-22
1.758500 2.037196e-22
1.779000 1.986298e-22
1.799500 1.937364e-22
1.820000 1.890279e-22
1.840500 1.844935e-22
1.861000 1.801236e-22
1.881500 1.759095e-22
1.902000 1.718431e-22
1.922500 1.679169e-22
1.943000 1.641241e-22
1.963500 1.604584e-22
1.984000 1.569137e-22
2.004500 1.534847e-22
2.025000 1.501660e-22
2.045500 1.469530e-22
2.066000 1.438409e-22
2.086500 1.408255e-22
2.107000 1.379028e-22
2.127500 1.350690e-22
2.148000 1.323204e-22
2.168500 1.296536e-22
2.189000 1.270654e-22
2.209500 1.245528e-22
2.230000 1.221127e-22
2.250500 1.197424e-22
2.271000 1.174393e-22
2.291500 1.152009e-22
2.312000 1.130248e-22
2.332500 1.109086e-22
2.353000 1.088503e-22
2.373500 1.068477e-22
2.394000 1.048989e-22
2.414500 1.030020e-22
2.435000 1.011550e-22
2.455500 9.935644e-23
2.476000 9.760451e-23
2.496500 9.589764e-23
2.517000 9.423433e-23
2.537500 9.261311e-23
2.558000 9.103259e-23
2.578500 8.949144e-23
2.599000 8.798835e-23
2.619500 8.652212e-23
2.640000 8.509154e-23
2.660500 8.369549e-23
2.681000 8.233287e-23
2.701500 8.100264e-23
2.722000 7.970379e-23
2.742500 7.843534e-23
2.763000 7.719637e-23
2.783500 7.598598e-23
2.804000 7.480331e-23
2.824500 7.364752e-23
2.845000 7.251782e-23
2.865500 7.141343e-23
2.886000 7.033362e-23
2.906500 6.927765e-23
2.927000 6.824486e-23
2.947500 6.723456e-23
2.968000 6.624613e-23
2.988500 6.527893e-23
3.009000 6.433237e-23
3.029500 6.340588e-23
3.050000 6.249890e-23
3.070500 6.161089e-23
3.091000 6.074132e-23
3.111500 5.988971e-23
3.132000 5.905556e-23
3.152500 5.823840e-23
3.173000 5.743778e-23
3.193500 5.665326e-23
3.214000 5.588443e-23
3.234500 5.513086e-23
3.255000 5.439216e-23
3.275500 5.366794e-23
3.296000 5.295784e-23
3.316500 5.226149e-23
3.337000 5.157855e-23
3.357500 5.090867e-23
3.378000 5.025154e-23
3.398500 4.960682e-23
3.419000 4.897422e-23
3.439500 4.835343e-23
3.460000 4.774417e-23
3.480500 4.714615e-23
3.501000 4.655911e-23
3.521500 4.598278e-23
3.542000 4.541690e-23
3.562500 4.486123e-23
3.583000 4.431552e-23
3.603500 4.377955e-23
3.624000 4.325307e-23
3.644500 4.273588e-23
3.665000 4.222775e-23
3.685500 4.172848e-23
3.706000 4.123787e-23
3.726500 4.075572e-23
3.747000 4.028183e-23
3.767500 3.981603e-23
3.788000 3.935813e-23
3.808500 3.890796e-23
3.829000 3.846534e-23
3.849500 3.803011e-23
3.870000 3.760211e-23
3.890500 3.718118e-23
3.911000 3.676716e-23
3.931500 3.635991e-23
3.952000 3.595928e-23
3.972500 3.556514e-23
3.993000 3.517734e-23
4.013500 3.479575e-23
4.034000 3.442024e-23
4.054500 3.405068e-23
4.075000 3.368695e-23
4.095500 3.332892e-23
4.116000 3.297649e-23
4.136500 3.262953e-23
4.157000 3.228794e-23
4.177500 3.195161e-23
4.198000 3.162042e-23
4.218500 3.129428e-23
4.239000 3.097308e-23
4.259500 3.065674e-23
4.280000 3.034514e-23
4.300500 3.003820e-23
4.321000 2.973583e-23
4.341500 2.943793e-23
4.362000 2.914442e-23
4.382500 2.885522e-23
4.403000 2.857024e-23
4.423500 2.828940e-23
4.444000 2.801263e-23
4.464500 2.773984e-23
4.485000 2.747096e-23
4.505500 2.720591e-23
4.526000 2.694463e-23
4.546500 2.668705e-23
4.567000 2.643309e-23
4.587500 2.618269e-23
4.608000 2.593578e-23
4.628500 2.569230e-23
4.649000 2.545219e-23
4.669500 2.521538e-23
4.690000 2.498182e-23
4.710500 2.475145e-23
4.731000 2.452421e-23
4.751500 2.430005e-23
4.772000 2.407890e-23
4.792500 2.386072e-23
4.813000 2.364546e-23
4.833500 2.343305e-23
4.854000 2.322347e-23
4.874500 2.301664e-23
4.895000 2.281254e-23
4.915500 2.261110e-23
4.936000 2.241229e-23
4.956500 2.221605e-23
4.977000 2.202235e-23
4.997500 2.183114e-23
5.018000 2.164239e-23
5.038500 2.145604e-23
5.059000 2.127206e-23
5.079500 2.109041e-23
5.100000 2.091105e-23
5.120500 2.073394e-23
5.141000 2.055904e-23
5.161500 2.038633e-23
5.182000 2.021576e-23
5.202500 2.004729e-23
5.223000 1.988090e-23
5.243500 1.971655e-23
5.264000 1.955421e-23
5.284500 1.939385e-23
5.305000 1.923542e-23
5.325500 1.907892e-23
5.346000 1.892429e-23
5.366500 1.877151e-23
5.387000 1.862056e-23
5.407500 1.847141e-23
5.428000 1.832402e-23
5.448500 1.817837e-23
5.469000 1.803443e-23
5.489500 1.789218e-23
5.510000 1.775159e-23
5.530500 1.761264e-23
5.551000 1.747529e-23
5.571500 1.733953e-23
5.592000 1.720533e-23
5.612500 1.707267e-23
5.633000 1.694153e-23
5.653500 1.681187e-23
5.674000 1.668369e-23
5.694500 1.655695e-23
5.715000 1.643164e-23
5.735500 1.630773e-23
5.756000 1.618521e-23
5.776500 1.606405e-23
5.797000 1.594423e-23
5.817500 1.582574e-23
5.838000 1.570856e-23
5.858500 1.559266e-23
5.879000 1.547803e-23
5.899500 1.536465e-23
5.920000 1.525250e-23
5.940500 1.514156e-23
5.961000 1.503183e-23
5.981500 1.492327e-23
6.002000 1.481587e-23
6.022500 1.470962e-23
6.043000 1.460451e-23
6.063500 1.450050e-23
6.084000 1.439760e-23
6.104500 1.429578e-23
6.125000 1.419503e-23
6.145500 1.409534e-23
6.166000 1.399668e-23
6.186500 1.389905e-23
6.207000 1.380243e-23
6.227500 1.370681e-23
6.248000 1.361217e-23
6.268500 1.351851e-23
6.289000 1.342580e-23
6.309500 1.333404e-23
6.330000 1.324321e-23
6.350500 1.315330e-23
6.371000 1.306429e-23
6.391500 1.297619e-23
6.412000 1.288896e-23
6.432500 1.280261e-23
6.453000 1.271712e-23
6.473500 1.263248e-23
6.494000 1.254868e-23
6.514500 1.246570e-23
6.535000 1.238354e-23
6.555500 1.230219e-23
6.576000 1.222163e-23
6.596500 1.214186e-23
6.617000 1.206286e-23
6.637500 1.198463e-23
6.658000 1.190716e-23
6.678500 1.183043e-23
6.699000 1.175444e-23
6.719500 1.167917e-23
6.740000 1.160462e-23
6.760500 1.153079e-23
6.781000 1.145765e-23
6.801500 1.138520e-23
6.822000 1.131344e-23
6.842500 1.124235e-23
6.863000 1.117193e-23
6.883500 1.110217e-23
6.904000 1.103305e-23
6.924500 1.096458e-23
6.945000 1.089674e-23
6.965500 1.082953e-23
6.986000 1.076294e-23
7.006500 1.069696e-23
7.027000 1.063158e-23
7.047500 1.056680e-23
7.068000 1.050261e-23
7.088500 1.043900e-23
7.109000 1.037597e-23
7.129500 1.031350e-23
7.150000 1.025160e-23
7.170500 1.019025e-23
7.191000 1.012945e-23
7.211500 1.006920e-23
7.232000 1.000947e-23
7.252500 9.950284e-24
7.273000 9.891616e-24
7.293500 9.833466e-24
7.314000 9.775827e-24
7.334500 9.718694e-24
7.355000 9.662060e-24
7.375500 9.605920e-24
7.396000 9.550269e-24
7.416500 9.495100e-24
7.437000 9.440408e-24
7.457500 9.386188e-24
7.478000 9.332434e-24
7.498500 9.279141e-24
7.519000 9.226305e-24
7.539500 9.173918e-24
7.560000 9.121978e-24
7.580500 9.070478e-24
7.601000 9.019415e-24
7.621500 8.968782e-24
7.642000 8.918575e-24
7.662500 8.868789e-24
7.683000 8.819421e-24
7.703500 8.770465e-24
7.724000 8.721916e-24
7.744500 8.673770e-24
7.765000 8.626024e-24
7.785500 8.578672e-24
7.806000 8.531709e-24
7.826500 8.485133e-24
7.847000 8.438939e-24
7.867500 8.393122e-24
7.888000 8.347679e-24
7.908500 8.302606e-24
7.929000 8.257898e-24
7.949500 8.213552e-24
7.970000 8.169563e-24
7.990500 8.125929e-24
8.011000 8.082645e-24
8.031500 8.039708e-24
8.052000 7.997114e-24
8.072500 7.954859e-24
8.093000 7.912940e-24
8.113500 7.871353e-24
8.134000 7.830095e-24
8.154500 7.789163e-24
8.175000 7.748553e-24
8.195500 7.708261e-24
8.216000 7.668285e-24
8.236500 7.628620e-24
8.257000 7.589265e-24
8.277500 7.550216e-24
8.298000 7.511469e-24
8.318500 7.473022e-24
8.339000 7.434872e-24
8.359500 7.397015e-24
8.380000 7.359448e-24
8.400500 7.322169e-24
8.421000 7.285175e-24
8.441500 7.248463e-24
8.462000 7.212030e-24
8.482500 7.175873e-24
8.503000 7.139990e-24
8.523500 7.104377e-24
8.544000 7.069032e-24
8.564500 7.033953e-24
8.585000 6.999137e-24
8.605500 6.964581e-24
8.626000 6.930282e-24
8.646500 6.896239e-24
8.667000 6.862449e-24
8.687500 6.828908e-24
8.708000 6.795615e-24
8.728500 6.762568e-24
8.749000 6.729763e-24
8.769500 6.697199e-24
8.790000 6.664874e-24
8.810500 6.632784e-24
8.831000 6.600928e-24
8.851500 6.569304e-24
8.872000 6.537908e-24
8.892500 6.506740e-24
8.913000 6.475797e-24
8.933500 6.445076e-24
8.954000 6.414577e-24
8.974500 6.384295e-24
8.995000 6.354231e-24
9.000000 6.346930e-24
9.020471 6.317174e-24
9.040989 6.287562e-24
9.061553 6.258094e-24
9.082164 6.228769e-24
9.102822 6.199586e-24
9.123527 6.170544e-24
9.144279 6.141644e-24
9.165079 6.112884e-24
9.185925 6.084263e-24
9.206819 6.055782e-24
9.227761 6.027439e-24
9.248750 5.999233e-24
9.269787 5.971164e-24
9.290872 5.943231e-24
9.312005 5.915434e-24
9.333185 5.887772e-24
9.354414 5.860244e-24
9.375692 5.832849e-24
9.397017 5.805588e-24
9.418391 5.778459e-24
9.439814 5.751461e-24
9.461286 5.724595e-24
9.482806 5.697858e-24
9.504375 5.671252e-24
9.525994 5.644775e-24
9.547661 5.618426e-24
9.569378 5.592205e-24
9.591144 5.566111e-24
9.612960 5.540144e-24
9.634825 5.514303e-24
9.656741 5.488588e-24
9.678705 5.462997e-24
9.700720 5.437530e-24
9.722785 5.412187e-24
9.744900 5.386967e-24
9.767066 5.361869e-24
9.789282 5.336893e-24
9.811548 5.312038e-24
9.833865 5.287304e-24
9.856233 5.262690e-24
9.878652 5.238195e-24
9.901121 5.213819e-24
9.923642 5.189561e-24
9.946214 5.165421e-24
9.968838 5.141399e-24
9.991512 5.117492e-24
10.014239 5.093702e-24
10.037017 5.070027e-24
10.059847 5.046467e-24
10.082729 5.023022e-24
10.105662 4.999690e-24
10.128649 4.976471e-24
10.151687 4.953365e-24
10.174778 4.930371e-24
10.197921 4.907489e-24
10.221117 4.884717e-24
10.244365 4.862056e-24
10.267667 4.839505e-24
10.291021 4.817064e-24
10.314429 4.794731e-24
10.337890 4.772507e-24
10.361404 4.750390e-24
10.384972 4.728381e-24
10.408593 4.706478e-24
10.432268 4.684682e-24
10.455997 4.662992e-24
10.479780 4.641406e-24
10.503617 4.619926e-24
10.527508 4.598550e-24
10.551454 4.577277e-24
10.575454 4.556107e-24
10.599509 4.535041e-24
10.623618 4.514076e-24
10.647782 4.493213e-24
10.672001 4.472452e-24
10.696275 4.451791e-24
10.720605 4.431230e-24
10.744990 4.410769e-24
10.769430 4.390407e-24
10.793926 4.370144e-24
10.818477 4.349979e-24
10.843085 4.329913e-24
10.867748 4.309943e-24
10.892467 4.290070e-24
10.917243 4.270294e-24
10.942075 4.250614e-24
10.966964 4.231029e-24
10.991909 4.211539e-24
11.016911 4.192143e-24
11.041969 4.172842e-24
11.067085 4.153634e-24
11.092258 4.134520e-24
11.117488 4.115498e-24
11.142775 4.096568e-24
11.168120 4.077731e-24
11.193523 4.058984e-24
11.218984 4.040329e-24
11.244502 4.021764e-24
11.270078 4.003289e-24
11.295713 3.984903e-24
11.321406 3.966607e-24
11.347157 3.948399e-24
11.372967 3.930280e-24
11.398836 3.912249e-24
11.424763 3.894305e-24
11.450750 3.876448e-24
11.476795 3.858678e-24
11.502900 3.840994e-24
11.529064 3.823395e-24
11.555288 3.805882e-24
11.581571 3.788454e-24
11.607914 3.771111e-24
11.634317 3.753851e-24
11.660780 3.736676e-24
11.687303 3.719583e-24
11.713887 3.702574e-24
11.740531 3.685646e-24
11.767236 3.668801e-24
11.794001 3.652038e-24
11.820827 3.635356e-24
11.847715 3.618755e-24
11.874663 3.602234e-24
11.901673 3.585793e-24
11.928744 3.569433e-24
11.955877 3.553151e-24
11.983071 3.536948e-24
12.010328 3.520824e-24
12.037646 3.504779e-24
12.065026 3.488810e-24
12.092469 3.472920e-24
12.119974 3.457106e-24
12.147542 3.441369e-24
12.175173 3.425709e-24
12.202866 3.410124e-24
12.230622 3.394615e-24
12.258441 3.379181e-24
12.286324 3.363822e-24
12.314270 3.348537e-24
12.342280 3.333326e-24
12.370353 3.318189e-24
12.398491 3.303126e-24
12.426692 3.288136e-24
12.454957 3.273218e-24
12.483287 3.258372e-24
12.511681 3.243599e-24
12.540140 3.228897e-24
12.568663 3.214266e-24
12.597251 3.199707e-24
12.625905 3.185218e-24
12.654623 3.170799e-24
12.683407 3.156450e-24
12.712256 3.142170e-24
12.741171 3.127960e-24
12.770152 3.113819e-24
12.799198 3.099746e-24
12.828311 3.085741e-24
12.857490 3.071805e-24
12.886735 3.057935e-24
12.916047 3.044134e-24
12.945426 3.030399e-24
12.974871 3.016730e-24
13.004383 3.003128e-24
13.033962 2.989592e-24
13.063609 2.976121e-24
13.093323 2.962716e-24
13.123105 2.949375e-24
13.152954 2.936099e-24
13.182872 2.922888e-24
13.212857 2.909741e-24
13.242911 2.896657e-24
13.273032 2.883637e-24
13.303223 2.870679e-24
13.333482 2.857785e-24
13.363810 2.844953e-24
13.394207 2.832184e-24
13.424673 2.819476e-24
13.455208 2.806829e-24
13.485813 2.794245e-24
13.516487 2.781721e-24
13.547232 2.769257e-24
13.578046 2.756854e-24
13.608930 2.744512e-24
13.639884 2.732229e-24
13.670909 2.720005e-24
13.702005 2.707841e-24
13.733171 2.695736e-24
13.764408 2.683689e-24
13.795716 2.671701e-24
13.827095 2.659771e-24
13.858546 2.647898e-24
13.890068 2.636083e-24
13.921662 2.624326e-24
13.953328 2.612625e-24
13.985066 2.600981e-24
14.016876 2.589394e-24
14.048758 2.577862e-24
14.080713 2.566387e-24
14.112741 2.554967e-24
14.144841 2.543602e-24
14.177015 2.532293e-24
14.209261 2.521038e-24
14.241581 2.509838e-24
14.273975 2.498692e-24
14.306442 2.487600e-24
14.338983 2.476562e-24
14.371598 2.465577e-24
14.404287 2.454645e-24
14.437051 2.443767e-24
14.469889 2.432941e-24
14.502801 2.422168e-24
14.535789 2.411446e-24
14.568852 2.400777e-24
14.601990 2.390159e-24
14.635203 2.379593e-24
14.668492 2.369078e-24
14.701856 2.358614e-24
14.735297 2.348201e-24
14.768813 2.337838e-24
14.802406 2.327525e-24
14.836075 2.317262e-24
14.869820 2.307049e-24
14.903643 2.296885e-24
14.937542 2.286771e-24
14.971519 2.276706e-24
15.005573 2.266689e-24
15.039704 2.256721e-24
15.073913 2.246801e-24
15.108199 2.236929e-24
15.142564 2.227105e-24
15.177007 2.217329e-24
15.211528 2.207599e-24
15.246128 2.197917e-24
15.280806 2.188282e-24
15.315563 2.178694e-24
15.350400 2.169152e-24
15.385315 2.159656e-24
15.420310 2.150206e-24
15.455385 2.140802e-24
15.490539 2.131444e-24
15.525773 2.122131e-24
15.561088 2.112862e-24
15.596483 2.103639e-24
15.631958 2.094461e-24
15.667514 2.085327e-24
15.703151 2.076237e-24
15.738869 2.067191e-24
15.774668 2.058189e-24
15.810548 2.049230e-24
15.846511 2.040315e-24
15.882555 2.031443e-24
15.918681 2.022614e-24
15.954889 2.013828e-24
15.991179 2.005084e-24
16.027552 1.996383e-24
16.064008 1.987724e-24
16.100547 1.979106e-24
16.137169 1.970531e-24
16.173874 1.961997e-24
16.210662 1.953504e-24
16.247535 1.945052e-24
16.284491 1.936642e-24
16.321531 1.928272e-24
16.358655 1.919942e-24
16.395864 1.911653e-24
16.433158 1.903404e-24
16.470536 1.895195e-24
16.508000 1.887026e-24
16.545548 1.878896e-24
16.583182 1.870805e-24
16.620902 1.862754e-24
16.658707 1.854742e-24
16.696599 1.846768e-24
16.734576 1.838833e-24
16.772640 1.830937e-24
16.810791 1.823078e-24
16.849028 1.815258e-24
16.887352 1.807476e-24
16.925764 1.799731e-24
16.964263 1.792024e-24
17.002849 1.784354e-24
17.041523 1.776721e-24
17.080285 1.769125e-24
17.119136 1.761566e-24
17.158074 1.754043e-24
17.197101 1.746557e-24
17.236217 1.739107e-24
17.275422 1.731693e-24
17.314717 1.724315e-24
17.354100 1.716973e-24
17.393573 1.709666e-24
17.433136 1.702395e-24
17.472789 1.695159e-24
17.512532 1.687958e-24
17.552366 1.680791e-24
17.592290 1.673660e-24
17.632305 1.666562e-24
17.672410 1.659500e-24
17.712608 1.652471e-24
17.752896 1.645476e-24
17.793276 1.638516e-24
17.833748 1.631589e-24
17.874313 1.624695e-24
17.914969 1.617835e-24
17.955718 1.611008e-24
17.996559 1.604214e-24
18.037494 1.597453e-24
18.078521 1.590724e-24
18.119642 1.584028e-24
18.160856 1.577365e-24
18.202165 1.570734e-24
18.243567 1.564135e-24
18.285063 1.557568e-24
18.326654 1.551032e-24
18.368339 1.544528e-24
18.410119 1.538056e-24
18.451994 1.531615e-24
18.493964 1.525205e-24
18.536030 1.518826e-24
18.578192 1.512478e-24
18.620449 1.506161e-24
18.662803 1.499874e-24
18.705252 1.493618e-24
18.747799 1.487392e-24
18.790442 1.481196e-24
18.833182 1.475030e-24
18.876020 1.468894e-24
18.918954 1.462787e-24
18.961987 1.456711e-24
19.005117 1.450663e-24
19.048346 1.444645e-24
19.091673 1.438656e-24
19.135098 1.432695e-24
19.178622 1.426764e-24
19.222245 1.420861e-24
19.265967 1.414987e-24
19.309789 1.409142e-24
19.353711 1.403324e-24
19.397732 1.397535e-24
19.441854 1.391774e-24
19.486075 1.386040e-24
19.530398 1.380335e-24
19.574821 1.374656e-24
19.619345 1.369006e-24
19.663971 1.363382e-24
19.708698 1.357786e-24
19.753527 1.352217e-24
19.798458 1.346675e-24
19.843491 1.341160e-24
19.888626 1.335671e-24
19.933864 1.330209e-24
19.979205 1.324774e-24
20.024649 1.319364e-24
20.070197 1.313981e-24
20.115848 1.308624e-24
20.161603 1.303292e-24
20.207462 1.297987e-24
20.253425 1.292707e-24
20.299493 1.287453e-24
20.345665 1.282224e-24
20.391943 1.277020e-24
20.438326 1.271842e-24
20.484814 1.266688e-24
20.531408 1.261560e-24
20.578108 1.256456e-24
20.624915 1.251377e-24
20.671828 1.246322e-24
20.718847 1.241292e-24
20.765974 1.236287e-24
20.813207 1.231305e-24
20.860548 1.226348e-24
20.907997 1.221414e-24
20.955554 1.216505e-24
21.003219 1.211619e-24
21.050992 1.206757e-24
21.098874 1.201918e-24
21.146865 1.197102e-24
21.194965 1.192310e-24
21.243174 1.187541e-24
21.291493 1.182796e-24
21.339922 1.178073e-24
21.388461 1.173373e-24
21.437111 1.168695e-24
21.485871 1.164041e-24
21.534742 1.159408e-24
21.583725 1.154799e-24
21.632818 1.150211e-24
21.682024 1.145646e-24
21.731341 1.141102e-24
21.780770 1.136581e-24
21.830312 1.132082e-24
21.879967 1.127604e-24
21.929734 1.123148e-24
21.979615 1.118713e-24
22.029609 1.114300e-24
22.079717 1.109908e-24
22.129939 1.105538e-24
22.180275 1.101188e-24
22.230726 1.096860e-24
22.281291 1.092552e-24
22.331971 1.088266e-24
22.382767 1.084000e-24
22.433678 1.079755e-24
22.484705 1.075530e-24
22.535848 1.071325e-24
22.587108 1.067141e-24
22.638483 1.062978e-24
22.689976 1.058834e-24
22.741586 1.054710e-24
22.793314 1.050606e-24
22.845159 1.046523e-24
22.897121 1.042458e-24
22.949203 1.038414e-24
23.001402 1.034389e-24
23.053720 1.030383e-24
23.106158 1.026397e-24
23.158714 1.022430e-24
23.211390 1.018483e-24
23.264186 1.014554e-24
23.317102 1.010644e-24
23.370139 1.006754e-24
23.423296 1.002882e-24
23.476574 9.990285e-25
23.529973 9.951939e-25
23.583493 9.913778e-25
23.637136 9.875802e-25
23.690900 9.838009e-25
23.744787 9.800399e-25
23.798796 9.762971e-25
23.852928 9.725723e-25
23.907183 9.688656e-25
23.961561 9.651768e-25
24.016064 9.615058e-25
24.070690 9.578525e-25
24.125440 9.542169e-25
24.180315 9.505989e-25
24.235315 9.469983e-25
24.290440 9.434152e-25
24.345690 9.398494e-25
24.401066 9.363008e-25
24.456568 9.327693e-25
24.512196 9.292550e-25
24.567951 9.257576e-25
24.623833 9.222771e-25
24.679841 9.188134e-25
24.735977 9.153665e-25
24.792241 9.119362e-25
24.848633 9.085225e-25
24.905153 9.051254e-25
24.961801 9.017446e-25
25.018579 8.983802e-25
25.075485 8.950320e-25
25.132521 8.917000e-25
25.189687 8.883841e-25
25.246982 8.850842e-25
25.304408 8.818003e-25
25.361965 8.785323e-25
25.419653 8.752800e-25
25.477471 8.720435e-25
25.535422 8.688226e-25
25.593504 8.656173e-25
25.651718 8.624275e-25
25.710065 8.592530e-25
25.768544 8.560940e-25
25.827156 8.529502e-25
25.885902 8.498216e-25
25.944781 8.467081e-25
26.003794 8.436096e-25
26.062942 8.405262e-25
26.122224 8.374576e-25
26.181641 8.344039e-25
26.241193 8.313649e-25
26.300880 8.283406e-25
26.360703 8.253309e-25
26.420663 8.223358e-25
26.480758 8.193552e-25
26.540991 8.163889e-25
26.601360 8.134370e-25
26.661867 8.104994e-25
26.722511 8.075760e-25
26.783293 8.046667e-25
26.844213 8.017714e-25
26.905273 7.988902e-25
26.966470 7.960229e-25
27.027808 7.931694e-25
27.089284 7.903297e-25
27.150901 7.875038e-25
27.212657 7.846915e-25
27.274554 7.818928e-25
27.336592 7.791077e-25
27.398771 7.763360e-25
27.461092 7.735777e-25
27.523554 7.708327e-25
27.586158 7.681010e-25
27.648905 7.653826e-25
27.711794 7.626772e-25
27.774827 7.599849e-25
27.838002 7.573057e-25
27.901322 7.546394e-25
27.964785 7.519860e-25
28.028393 7.493454e-25
28.092146 7.467176e-25
28.156043 7.441025e-25
28.220086 7.415000e-25
28.284275 7.389101e-25
28.348609 7.363328e-25
28.413090 7.337679e-25
28.477718 7.312154e-25
28.542492 7.286752e-25
28.607414 7.261474e-25
28.672484 7.236317e-25
28.737701 7.211282e-25
28.803067 7.186368e-25
28.868582 7.161575e-25
28.934245 7.136902e-25
29.000058 7.112348e-25
29.066021 7.087912e-25
29.132134 7.063595e-25
29.198397 7.039395e-25
29.264811 7.015313e-25
29.331375 6.991347e-25
29.398092 6.967497e-25
29.464960 6.943762e-25
29.531980 6.920142e-25
29.599152 6.896636e-25
29.666478 6.873244e-25
29.733956 6.849965e-25
29.801588 6.826799e-25
29.869374 6.803744e-25
29.937314 6.780802e-25
30.005408 6.757970e-25
30.073658 6.735249e-25
30.142062 6.712637e-25
30.210623 6.690135e-25
30.279339 6.667742e-25
30.348211 6.645457e-25
30.417240 6.623280e-25
30.486427 6.601211e-25
30.555770 6.579248e-25
30.625271 6.557391e-25
30.694931 6.535640e-25
30.764748 6.513995e-25
30.834725 6.492454e-25
30.904861 6.471018e-25
30.975156 6.449685e-25
31.045611 6.428455e-25
31.116226 6.407328e-25
31.187003 6.386304e-25
31.257940 6.365381e-25
31.329038 6.344559e-25
31.400298 6.323839e-25
31.471720 6.303218e-25
31.543305 6.282698e-25
31.615052 6.262276e-25
31.686963 6.241954e-25
31.759037 6.221730e-25
31.831275 6.201604e-25
31.903678 6.181575e-25
31.976245 6.161644e-25
32.048977 6.141809e-25
32.121875 6.122070e-25
32.194938 6.102426e-25
32.268168 6.082878e-25
32.341564 6.063424e-25
32.415127 6.044065e-25
32.488858 6.024799e-25
32.562756 6.005627e-25
32.636822 5.986547e-25
32.711057 5.967560e-25
32.785460 5.948665e-25
32.860033 5.929862e-25
32.934776 5.911149e-25
33.009688 5.892528e-25
33.084771 5.873996e-25
33.160024 5.855554e-25
33.235449 5.837202e-25
33.311046 5.818939e-25
33.386814 5.800764e-25
33.462755 5.782677e-25
33.538868 5.764678e-25
33.615154 5.746766e-25
33.691614 5.728941e-25
33.768248 5.711203e-25
33.845057 5.693550e-25
33.922040 5.675983e-25
33.999198 5.658502e-25
34.076531 5.641105e-25
34.154041 5.623792e-25
34.231726 5.606563e-25
34.309589 5.589418e-25
34.387628 5.572356e-25
34.465845 5.555377e-25
34.544240 5.538480e-25
34.622814 5.521665e-25
34.701566 5.504932e-25
34.780497 5.488280e-25
34.859608 5.471709e-25
34.938898 5.455218e-25
35.018369 5.438807e-25
35.098021 5.422476e-25
35.177854 5.406224e-25
35.257868 5.390052e-25
35.338065 5.373957e-25
35.418444 5.357941e-25
35.499005 5.342002e-25
35.579750 5.326141e-25
35.660679 5.310357e-25
35.741792 5.294650e-25
35.823089 5.279019e-25
35.904571 5.263463e-25
35.986238 5.247984e-25
36.068092 5.232579e-25
36.150131 5.217250e-25
36.232357 5.201995e-25
36.314770 5.186814e-25
36.397370 5.171707e-25
36.480159 5.156673e-25
36.563136 5.141712e-25
36.646301 5.126824e-25
36.729655 5.112009e-25
36.813200 5.097265e-25
36.896934 5.082593e-25
36.980858 5.067993e-25
37.064974 5.053464e-25
37.149281 5.039005e-25
37.233780 5.024616e-25
37.318470 5.010298e-25
37.403354 4.996049e-25
37.488430 4.981870e-25
37.573700 4.967760e-25
37.659164 4.953718e-25
37.744823 4.939745e-25
37.830676 4.925839e-25
37.916725 4.912002e-25
38.002969 4.898232e-25
38.089409 4.884528e-25
38.176046 4.870892e-25
38.262880 4.857322e-25
38.349912 4.843818e-25
38.437141 4.830380e-25
38.524569 4.817008e-25
38.612196 4.803700e-25
38.700022 4.790458e-25
38.788048 4.777280e-25
38.876274 4.764166e-25
38.964701 4.751116e-25
39.053329 4.738130e-25
39.142159 4.725207e-25
39.231190 4.712347e-25
39.320424 4.699550e-25
39.409861 4.686816e-25
39.499502 4.674143e-25
39.589346 4.661533e-25
39.679395 4.648984e-25
39.769649 4.636496e-25
39.860107 4.624069e-25
39.950772 4.611703e-25
40.041643 4.599398e-25
40.132720 4.587152e-25
40.224005 4.574966e-25
40.315497 4.562840e-25
40.407198 4.550773e-25
40.499107 4.538765e-25
40.591225 4.526816e-25
40.683552 4.514925e-25
40.776090 4.503093e-25
40.868838 4.491318e-25
40.961797 4.479601e-25
41.054967 4.467941e-25
41.148350 4.456338e-25
41.241945 4.444792e-25
41.335752 4.433302e-25
41.429773 4.421869e-25
41.524008 4.410492e-25
41.618458 4.399170e-25
41.713122 4.387904e-25
41.808001 4.376693e-25
41.903096 4.365537e-25
41.998408 4.354436e-25
42.093936 4.343389e-25
42.189682 4.332397e-25
42.285645 4.321458e-25
42.381827 4.310573e-25
42.478227 4.299741e-25
42.574847 4.288963e-25
42.671686 4.278237e-25
42.768746 4.267564e-25
42.866027 4.256943e-25
42.963528 4.246375e-25
43.061252 4.235858e-25
43.159198 4.225393e-25
43.257366 4.214980e-25
43.355758 4.204618e-25
43.454374 4.194306e-25
43.553214 4.184046e-25
43.652279 4.173836e-25
43.751569 4.163676e-25
43.851085 4.153566e-25
43.950827 4.143505e-25
44.050796 4.133495e-25
44.150993 4.123533e-25
44.251418 4.113621e-25
44.352071 4.103758e-25
44.452952 4.093943e-25
44.554064 4.084176e-25
44.655405 4.074458e-25
44.756977 4.064787e-25
44.858780 4.055164e-25
44.960814 4.045589e-25
45.063081 4.036061e-25
45.165580 4.026580e-25
45.268312 4.017146e-25
45.371278 4.007758e-25
45.474478 3.998417e-25
45.577913 3.989122e-25
45.681583 3.979873e-25
45.785489 3.970669e-25
45.889631 3.961511e-25
45.994011 3.952398e-25
46.098627 3.943331e-25
46.203482 3.934308e-25
46.308575 3.925330e-25
46.413907 3.916396e-25
46.519479 3.907507e-25
46.625290 3.898662e-25
46.731343 3.889860e-25
46.837637 3.881103e-25
46.944172 3.872388e-25
47.050950 3.863717e-25
47.157971 3.855089e-25
47.265235 3.846503e-25
47.372743 3.837961e-25
47.480495 3.829460e-25
47.588493 3.821002e-25
47.696736 3.812586e-25
47.805226 3.804212e-25
47.913962 3.795880e-25
48.022946 3.787589e-25
48.132177 3.779339e-25
48.241657 3.771130e-25
48.351386 3.762962e-25
48.461365 3.754835e-25
48.571594 3.746748e-25
48.682073 3.738702e-25
48.792804 3.730696e-25
48.903787 3.722729e-25
49.015022 3.714803e-25
49.126510 3.706916e-25
49.238252 3.699068e-25
49.350247 3.691260e-25
49.462498 3.683490e-25
49.575004 3.675760e-25
49.687766 3.668068e-25
49.800784 3.660414e-25
49.914059 3.652799e-25
50.027592 3.645222e-25
50.141384 3.637683e-25
50.255434 3.630182e-25
50.369743 3.622718e-25
50.484313 3.615292e-25
50.599143 3.607903e-25
50.714234 3.600551e-25
50.829587 3.593236e-25
50.945203 3.585958e-25
51.061081 3.578716e-25
51.177223 3.571511e-25
51.293629 3.564342e-25
51.410300 3.557209e-25
51.527236 3.550112e-25
51.644439 3.543051e-25
51.761908 3.536025e-25
51.879644 3.529035e-25
51.997648 3.522080e-25
52.115920 3.515160e-25
52.234461 3.508275e-25
52.353272 3.501425e-25
52.472353 3.494609e-25
52.591705 3.487828e-25
52.711329 3.481081e-25
52.831224 3.474368e-25
52.951393 3.467690e-25
53.071834 3.461045e-25
53.192550 3.454433e-25
53.313540 3.447856e-25
53.434805 3.441311e-25
53.556347 3.434800e-25
53.678164 3.428322e-25
53.800259 3.421877e-25
53.922632 3.415464e-25
54.045282 3.409085e-25
54.168212 3.402737e-25
54.291421 3.396422e-25
54.414911 3.390139e-25
54.538682 3.383889e-25
54.662734 3.377670e-25
54.787068 3.371482e-25
54.911685 3.365327e-25
55.036585 3.359203e-25
55.161770 3.353110e-25
55.287239 3.347048e-25
55.412994 3.341017e-25
55.539035 3.335018e-25
55.665362 3.329049e-25
55.791977 3.323110e-25
55.918880 3.317202e-25
56.046071 3.311324e-25
56.173552 3.305477e-25
56.301322 3.299660e-25
56.429384 3.293872e-25
56.557736 3.288114e-25
56.686381 3.282386e-25
56.815318 3.276688e-25
56.944548 3.271019e-25
57.074073 3.265379e-25
57.203892 3.259768e-25
57.334006 3.254186e-25
57.464416 3.248633e-25
57.595123 3.243109e-25
57.726127 3.237613e-25
57.857429 3.232146e-25
57.989030 3.226707e-25
58.120930 3.221297e-25
58.253130 3.215914e-25
58.385631 3.210560e-25
58.518433 3.205233e-25
58.651537 3.199934e-25
58.784944 3.194663e-25
58.918655 3.189419e-25
59.052669 3.184202e-25
59.186989 3.179013e-25
59.321614 3.173851e-25
59.456545 3.168716e-25
59.591783 3.163607e-25
59.727329 3.158526e-25
59.863183 3.153471e-25
59.999346 3.148442e-25
60.135818 3.143440e-25
60.272601 3.138464e-25
60.409696 3.133514e-25
60.547102 3.128591e-25
60.684820 3.123693e-25
60.822852 3.118821e-25
60.961198 3.113975e-25
61.099858 3.109154e-25
61.238834 3.104359e-25
61.378126 3.099589e-25
61.517735 3.094845e-25
61.657662 3.090126e-25
61.797906 3.085431e-25
61.938470 3.080762e-25
62.079353 3.076117e-25
62.220557 3.071497e-25
62.362082 3.066902e-25
62.503929 3.062331e-25
62.646099 3.057784e-25
62.788592 3.053262e-25
62.931409 3.048764e-25
63.074550 3.044290e-25
63.218018 3.039840e-25
63.361812 3.035414e-25
63.505933 3.031011e-25
63.650381 3.026633e-25
63.795158 3.022277e-25
63.940265 3.017945e-25
64.085702 3.013637e-25
64.231469 3.009352e-25
64.377568 3.005089e-25
64.523999 3.000850e-25
64.670764 2.996634e-25
64.817862 2.992441e-25
64.965295 2.988270e-25
65.113063 2.984122e-25
65.261167 2.979997e-25
65.409608 2.975894e-25
65.558387 2.971813e-25
65.707504 2.967754e-25
65.856960 2.963718e-25
66.006756 2.959704e-25
66.156893 2.955712e-25
66.307372 2.951741e-25
66.458193 2.947793e-25
66.609356 2.943866e-25
66.760864 2.939960e-25
66.912716 2.936076e-25
67.064914 2.932214e-25
67.217458 2.928373e-25
67.370348 2.924553e-25
67.523587 2.920754e-25
67.677174 2.916976e-25
67.831111 2.913219e-25
67.985397 2.909483e-25
68.140035 2.905768e-25
68.295024 2.902074e-25
68.450366 2.898400e-25
68.606061 2.894746e-25
68.762110 2.891113e-25
68.918514 2.887501e-25
69.075274 2.883908e-25
69.232391 2.880336e-25
69.389865 2.876784e-25
69.547697 2.873252e-25
69.705888 2.869740e-25
69.864439 2.866247e-25
70.023351 2.862775e-25
70.182624 2.859322e-25
70.342259 2.855888e-25
70.502257 2.852474e-25
70.662619 2.849080e-25
70.823347 2.845705e-25
70.984439 2.842349e-25
71.145898 2.839012e-25
71.307725 2.835695e-25
71.469919 2.832396e-25
71.632482 2.829116e-25
71.795415 2.825856e-25
71.958719 2.822614e-25
72.122394 2.819390e-25
72.286442 2.816186e-25
72.450862 2.813000e-25
72.615657 2.809832e-25
72.780826 2.806683e-25
72.946371 2.803552e-25
73.112293 2.800439e-25
73.278592 2.797344e-25
73.445269 2.794268e-25
73.612325 2.791210e-25
73.779762 2.788169e-25
73.947579 2.785147e-25
74.115778 2.782142e-25
74.284360 2.779155e-25
74.453324 2.776186e-25
74.622674 2.773234e-25
74.792408 2.770299e-25
74.962529 2.767383e-25
75.133036 2.764483e-25
75.303932 2.761601e-25
75.475216 2.758736e-25
75.646889 2.755888e-25
75.818953 2.753058e-25
75.991409 2.750244e-25
76.164257 2.747448e-25
76.337498 2.744668e-25
76.511133 2.741905e-25
76.685163 2.739159e-25
76.859588 2.736429e-25
77.034411 2.733716e-25
77.209631 2.731020e-25
77.385250 2.728340e-25
77.561268 2.725677e-25
77.737686 2.723030e-25
77.914506 2.720399e-25
78.091728 2.717785e-25
78.269353 2.715186e-25
78.447382 2.712604e-25
78.625816 2.710038e-25
78.804656 2.707488e-25
78.983903 2.704954e-25
79.163557 2.702435e-25
79.343620 2.699933e-25
79.524093 2.697446e-25
79.704976 2.694975e-25
79.886271 2.692519e-25
80.067978 2.690079e-25
80.250098 2.687654e-25
80.432632 2.685245e-25
80.615582 2.682851e-25
80.798948 2.680473e-25
80.982730 2.678110e-25
81.166931 2.675762e-25
81.351551 2.673429e-25
81.536591 2.671111e-25
81.722052 2.668808e-25
81.907934 2.666520e-25
82.094239 2.664247e-25
82.280969 2.661989e-25
82.468122 2.659746e-25
82.655702 2.657517e-25
82.843708 2.655303e-25
83.032142 2.653104e-25
83.221004 2.650919e-25
83.410296 2.648749e-25
83.600019 2.646594e-25
83.790173 2.644452e-25
83.980759 2.642325e-25
84.171780 2.640213e-25
84.363234 2.638114e-25
84.555124 2.636030e-25
84.747451 2.633960e-25
84.940215 2.631904e-25
85.133417 2.629862e-25
85.327059 2.627834e-25
85.521141 2.625820e-25
85.715665 2.623819e-25
85.910632 2.621833e-25
86.106041 2.619860e-25
86.301895 2.617901e-25
86.498195 2.615956e-25
86.694941 2.614025e-25
86.892135 2.612107e-25
87.089777 2.610202e-25
87.287869 2.608311e-25
87.486411 2.606434e-25
87.685405 2.604569e-25
87.884852 2.602718e-25
88.084752 2.600881e-25
88.285107 2.599057e-25
88.485918 2.597245e-25
88.687185 2.595447e-25
88.888910 2.593662e-25
89.091094 2.591890e-25
89.293738 2.590132e-25
89.496843 2.588386e-25
89.700410 2.586653e-25
89.904440 2.584933e-25
90.108934 2.583225e-25
90.313893 2.581531e-25
90.519318 2.579849e-25
90.725211 2.578180e-25
90.931571 2.576523e-25
91.138402 2.574879e-25
91.345702 2.573248e-25
91.553474 2.571629e-25
91.761719 2.570023e-25
91.970438 2.568429e-25
92.179631 2.566847e-25
92.389300 2.565278e-25
92.599446 2.563721e-25
92.810070 2.562176e-25
93.021173 2.560644e-25
93.232756 2.559124e-25
93.444820 2.557615e-25
93.657367 2.556119e-25
93.870397 2.554635e-25
94.083912 2.553163e-25
94.297912 2.551703e-25
94.512400 2.550255e-25
94.727375 2.548819e-25
94.942839 2.547394e-25
95.158793 2.545982e-25
95.375238 2.544581e-25
95.592176 2.543192e-25
95.809607 2.541815e-25
96.027532 2.540449e-25
96.245954 2.539095e-25
96.464872 2.537752e-25
96.684288 2.536421e-25
96.904203 2.535102e-25
97.124619 2.533794e-25
97.345535 2.532497e-25
97.566955 2.531212e-25
97.788877 2.529938e-25
98.011305 2.528676e-25
98.234239 2.527424e-25
98.457679 2.526184e-25
98.681628 2.524956e-25
98.906086 2.523738e-25
99.131055 2.522531e-25
99.356536 2.521336e-25
99.582529 2.520152e-25
99.809036 2.518979e-25
100.036059 2.517816e-25
100.263598 2.516665e-25
100.491655 2.515525e-25
100.720230 2.514395e-25
100.949325 2.513277e-25
101.178941 2.512169e-25
101.409080 2.511072e-25
101.639742 2.509986e-25
101.870929 2.508910e-25
102.102641 2.507846e-25
102.334881 2.506792e-25
102.567649 2.505748e-25
102.800946 2.504715e-25
103.034774 2.503693e-25
103.269134 2.502681e-25
103.504026 2.501680e-25
103.739454 2.500690e-25
103.975416 2.499709e-25
104.211916 2.498739e-25
104.448953 2.497780e-25
104.686529 2.496831e-25
104.924646 2.495892e-25
105.163305 2.494964e-25
105.402506 2.494046e-25
105.642251 2.493138e-25
105.882542 2.492240e-25
106.123379 2.491352e-25
106.364764 2.490475e-25
106.606698 2.489608e-25
106.849183 2.488751e-25
107.092219 2.487904e-25
107.335807 2.487066e-25
107.579950 2.486239e-25
107.824648 2.485422e-25
108.069903 2.484615e-25
108.315715 2.483818e-25
108.562087 2.483031e-25
108.809019 2.482253e-25
109.056513 2.481486e-25
109.304570 2.480728e-25
109.553190 2.479980e-25
109.802377 2.479242e-25
110.052130 2.478514e-25
110.302451 2.477795e-25
110.553342 2.477086e-25
110.804803 2.476387e-25
111.056836 2.475697e-25
111.309443 2.475017e-25
111.562624 2.474346e-25
111.816381 2.473685e-25
112.070715 2.473034e-25
112.325628 2.472392e-25
112.581120 2.471760e-25
112.837194 2.471137e-25
113.093850 2.470523e-25
113.351090 2.469919e-25
113.608915 2.469325e-25
113.867326 2.468739e-25
114.126325 2.468163e-25
114.385914 2.467597e-25
114.646092 2.467040e-25
114.906863 2.466491e-25
115.168227 2.465953e-25
115.430185 2.465423e-25
115.692739 2.464903e-25
115.955890 2.464392e-25
116.219640 2.463890e-25
116.483990 2.463397e-25
116.748941 2.462913e-25
117.014494 2.462439e-25
117.280652 2.461973e-25
117.547415 2.461517e-25
117.814785 2.461069e-25
118.082763 2.460631e-25
118.351350 2.460202e-25
118.620548 2.459781e-25
118.890359 2.459370e-25
119.160784 2.458967e-25
119.431823 2.458574e-25
119.703479 2.458189e-25
119.975753 2.457813e-25
120.248646 2.457446e-25
120.522160 2.457088e-25
120.796296 2.456739e-25
121.071056 2.456398e-25
121.346441 2.456067e-25
121.622451 2.455744e-25
121.899090 2.455429e-25
122.176358 2.455124e-25
122.454257 2.454827e-25
122.732788 2.454539e-25
123.011952 2.454259e-25
123.291751 2.453989e-25
123.572187 2.453727e-25
123.853261 2.453473e-25
124.134973 2.453228e-25
124.417327 2.452992e-25
124.700323 2.452764e-25
124.983963 2.452545e-25
125.268247 2.452334e-25
125.553179 2.452132e-25
125.838758 2.451938e-25
126.124987 2.451753e-25
126.411867 2.451576e-25
126.699400 2.451408e-25
126.987587 2.451248e-25
127.276429 2.451096e-25
127.565928 2.450953e-25
127.856085 2.450819e-25
128.146903 2.450692e-25
128.438382 2.450574e-25
128.730524 2.450465e-25
129.023331 2.450363e-25
129.316803 2.450270e-25
129.610943 2.450186e-25
129.905753 2.450109e-25
130.201232 2.450041e-25
130.497384 2.449981e-25
130.794209 2.449930e-25
131.091710 2.449886e-25
131.389887 2.449851e-25
131.688743 2.449824e-25
131.988278 2.449805e-25
132.288495 2.449794e-25
132.589394 2.449791e-25
132.890978 2.449797e-25
133.193248 2.449811e-25
133.496205 2.449832e-25
133.799851 2.449862e-25
134.104189 2.449900e-25
134.409218 2.449946e-25
134.714941 2.450000e-25
135.021360 2.450063e-25
135.328475 2.450133e-25
135.636289 2.450211e-25
135.944803 2.450297e-25
136.254019 2.450391e-25
136.563939 2.450494e-25
136.874563 2.450604e-25
137.185894 2.450722e-25
137.497932 2.450848e-25
137.810681 2.450982e-25
138.124141 2.451124e-25
138.438314 2.451274e-25
138.753202 2.451431e-25
139.068806 2.451597e-25
139.385127 2.451771e-25
139.702168 2.451952e-25
140.019931 2.452141e-25
140.338416 2.452338e-25
140.657625 2.452543e-25
140.977561 2.452756e-25
141.298224 2.452977e-25
141.619617 2.453205e-25
141.941741 2.453441e-25
142.264597 2.453685e-25
142.588188 2.453937e-25
142.912515 2.454197e-25
143.237579 2.454464e-25
143.563383 2.454739e-25
143.889928 2.455022e-25
144.217216 2.455313e-25
144.545248 2.455611e-25
144.874026 2.455917e-25
145.203552 2.456231e-25
145.533828 2.456552e-25
145.864855 2.456881e-25
146.196634 2.457218e-25
146.529169 2.457562e-25
146.862460 2.457914e-25
147.196509 2.458274e-25
147.531317 2.458642e-25
147.866888 2.459017e-25
148.203221 2.459400e-25
148.540320 2.459790e-25
148.878185 2.460188e-25
149.216819 2.460593e-25
149.556223 2.461007e-25
149.896399 2.461427e-25
150.237349 2.461856e-25
150.579074 2.462292e-25
150.921577 2.462735e-25
151.264859 2.463186e-25
151.608921 2.463645e-25
151.953766 2.464111e-25
152.299396 2.464585e-25
152.645811 2.465066e-25
152.993015 2.465555e-25
153.341008 2.466051e-25
153.689793 2.466555e-25
154.039371 2.467067e-25
154.389744 2.467586e-25
154.740915 2.468112e-25
155.092884 2.468646e-25
155.445653 2.469188e-25
155.799225 2.469737e-25
156.153601 2.470293e-25
156.508784 2.470857e-25
156.864774 2.471428e-25
157.221574 2.472007e-25
157.579185 2.472593e-25
157.937610 2.473187e-25
158.296850 2.473789e-25
158.656907 2.474397e-25
159.017784 2.475013e-25
159.379481 2.475637e-25
159.742000 2.476268e-25
160.105345 2.476906e-25
160.469516 2.477552e-25
160.834515 2.478206e-25
161.200344 2.478866e-25
161.567005 2.479535e-25
161.934501 2.480210e-25
162.302832 2.480893e-25
162.672001 2.481584e-25
163.042010 2.482281e-25
163.412861 2.482987e-25
163.784555 2.483699e-25
164.157094 2.484419e-25
164.530481 2.485147e-25
164.904717 2.485881e-25
165.279804 2.486624e-25
165.655745 2.487373e-25
166.032540 2.488130e-25
166.410193 2.488894e-25
166.788704 2.489666e-25
167.168077 2.490445e-25
167.548312 2.491232e-25
167.929413 2.492025e-25
168.311380 2.492826e-25
168.694216 2.493635e-25
169.077923 2.494451e-25
169.462502 2.495274e-25
169.847957 2.496105e-25
170.234288 2.496943e-25
170.621497 2.497788e-25
171.009588 2.498641e-25
171.398561 2.499501e-25
171.788419 2.500368e-25
172.179164 2.501243e-25
172.570797 2.502125e-25
172.963322 2.503015e-25
173.356739 2.503911e-25
173.751051 2.504816e-25
174.146260 2.505727e-25
174.542368 2.506646e-25
174.939376 2.507572e-25
175.337288 2.508506e-25
175.736105 2.509447e-25
176.135829 2.510395e-25
176.536462 2.511350e-25
176.938007 2.512313e-25
177.340465 2.513284e-25
177.743838 2.514261e-25
178.148129 2.515246e-25
178.553339 2.516238e-25
178.959471 2.517238e-25
179.366527 2.518245e-25
179.774509 2.519259e-25
180.183418 2.520281e-25
180.593258 2.521310e-25
181.004030 2.522346e-25
181.415736 2.523390e-25
181.828379 2.524441e-25
182.241961 2.525500e-25
182.656483 2.526566e-25
183.071948 2.527639e-25
183.488358 2.528719e-25
183.905715 2.529807e-25
184.324021 2.530902e-25
184.743279 2.532005e-25
185.163490 2.533115e-25
185.584658 2.534232e-25
186.006783 2.535357e-25
186.429868 2.536489e-25
186.853916 2.537628e-25
187.278928 2.538775e-25
187.704907 2.539929e-25
188.131855 2.541091e-25
188.559774 2.542259e-25
188.988667 2.543436e-25
189.418535 2.544619e-25
189.849380 2.545810e-25
190.281206 2.547009e-25
190.714014 2.548215e-25
191.147806 2.549428e-25
191.582585 2.550649e-25
192.018353 2.551877e-25
192.455112 2.553112e-25
192.892865 2.554355e-25
193.331613 2.555605e-25
193.771360 2.556863e-25
194.212106 2.558128e-25
194.653855 2.559400e-25
195.096609 2.560680e-25
195.540370 2.561967e-25
195.985140 2.563262e-25
196.430922 2.564564e-25
196.877718 2.565874e-25
197.325530 2.567191e-25
197.774360 2.568515e-25
198.224212 2.569847e-25
198.675087 2.571187e-25
199.126987 2.572534e-25
199.579915 2.573888e-25
200.033874 2.575250e-25
200.488865 2.576619e-25
200.944891 2.577996e-25
201.401954 2.579380e-25
201.860057 2.580772e-25
202.319202 2.582171e-25
202.779391 2.583578e-25
203.240627 2.584992e-25
203.702912 2.586413e-25
204.166248 2.587843e-25
204.630639 2.589279e-25
205.096085 2.590724e-25
205.562591 2.592175e-25
206.030157 2.593635e-25
206.498787 2.595102e-25
206.968483 2.596576e-25
207.439247 2.598058e-25
207.911082 2.599547e-25
208.383991 2.601044e-25
208.857975 2.602549e-25
209.333037 2.604061e-25
209.809179 2.605581e-25
210.286405 2.607108e-25
210.764716 2.608643e-25
211.244115 2.610186e-25
211.724604 2.611736e-25
212.206187 2.613293e-25
212.688865 2.614859e-25
213.172640 2.616432e-25
213.657516 2.618012e-25
214.143495 2.619600e-25
214.630580 2.621196e-25
215.118772 2.622800e-25
215.608075 2.624411e-25
216.098490 2.626030e-25
216.590021 2.627656e-25
217.082670 2.629290e-25
217.576440 2.630932e-25
218.071333 2.632582e-25
218.567351 2.634239e-25
219.064498 2.635904e-25
219.562776 2.637577e-25
220.062186 2.639257e-25
220.562733 2.640945e-25
221.064419 2.642641e-25
221.567245 2.644345e-25
222.071215 2.646056e-25
222.576332 2.647775e-25
223.082597 2.649502e-25
223.590014 2.651236e-25
224.098585 2.652979e-25
224.608313 2.654729e-25
225.119200 2.656487e-25
225.631250 2.658253e-25
226.144464 2.660027e-25
226.658845 2.661808e-25
227.174397 2.663597e-25
227.691121 2.665395e-25
228.209020 2.667200e-25
228.728097 2.669012e-25
229.248355 2.670833e-25
229.769797 2.672662e-25
230.292424 2.674498e-25
230.816240 2.676343e-25
231.341248 2.678195e-25
231.867450 2.680055e-25
232.394849 2.681923e-25
232.923447 2.683800e-25
233.453247 2.685684e-25
233.984253 2.687576e-25
234.516467 2.689476e-25
235.049891 2.691384e-25
235.584528 2.693299e-25
236.120382 2.695223e-25
236.657454 2.697155e-25
237.195748 2.699095e-25
237.735266 2.701043e-25
238.276012 2.702999e-25
238.817987 2.704963e-25
239.361195 2.706935e-25
239.905639 2.708915e-25
240.451321 2.710904e-25
240.998244 2.712900e-25
241.546412 2.714904e-25
242.095826 2.716917e-25
242.646490 2.718937e-25
243.198406 2.720966e-25
243.751578 2.723003e-25
244.306008 2.725048e-25
244.861699 2.727101e-25
245.418654 2.729163e-25
245.976876 2.731232e-25
246.536368 2.733310e-25
247.097132 2.735396e-25
247.659171 2.737490e-25
248.222489 2.739593e-25
248.787089 2.741703e-25
249.352972 2.743822e-25
249.920143 2.745949e-25
250.488604 2.748085e-25
251.058358 2.750229e-25
251.629408 2.752381e-25
252.201756 2.754541e-25
252.775407 2.756710e-25
253.350362 2.758887e-25
253.926625 2.761072e-25
254.504199 2.763266e-25
255.083087 2.765468e-25
255.663291 2.767678e-25
256.244815 2.769897e-25
256.827662 2.772125e-25
257.411834 2.774360e-25
257.997335 2.776604e-25
258.584168 2.778857e-25
259.172336 2.781118e-25
259.761842 2.783388e-25
260.352688 2.785666e-25
260.944878 2.787952e-25
261.538416 2.790247e-25
262.133303 2.792551e-25
262.729544 2.794863e-25
263.327140 2.797183e-25
263.926096 2.799513e-25
264.526415 2.801850e-25
265.128098 2.804197e-25
265.731151 2.806552e-25
266.335575 2.808915e-25
266.941374 2.811288e-25
267.548551 2.813668e-25
268.157108 2.816058e-25
268.767051 2.818456e-25
269.378380 2.820863e-25
269.991100 2.823279e-25
270.605213 2.825703e-25
271.220724 2.828136e-25
271.837634 2.830578e-25
272.455948 2.833029e-25
273.075668 2.835488e-25
273.696798 2.837956e-25
274.319340 2.840433e-25
274.943299 2.842919e-25
275.568677 2.845413e-25
276.195477 2.847917e-25
276.823703 2.850429e-25
277.453358 2.852950e-25
278.084445 2.855481e-25
278.716967 2.858020e-25
279.350928 2.860567e-25
279.986331 2.863124e-25
280.623180 2.865690e-25
281.261477 2.868265e-25
281.901226 2.870849e-25
282.542430 2.873441e-25
283.185092 2.876043e-25
283.829217 2.878654e-25
284.474806 2.881274e-25
285.121864 2.883903e-25
285.770393 2.886541e-25
286.420398 2.889188e-25
287.071881 2.891844e-25
287.724846 2.894510e-25
288.379297 2.897184e-25
289.035235 2.899868e-25
289.692666 2.902560e-25
290.351592 2.905263e-25
291.012017 2.907974e-25
291.673945 2.910694e-25
292.337377 2.913424e-25
293.002319 2.916163e-25
293.668773 2.918911e-25
294.336743 2.921669e-25
295.006233 2.924435e-25
295.677245 2.927212e-25
296.349784 2.929997e-25
297.023852 2.932792e-25
297.699454 2.935596e-25
298.376592 2.938410e-25
299.055270 2.941233e-25
299.735492 2.944065e-25
300.417262 2.946907e-25
301.100582 2.949759e-25
301.785456 2.952620e-25
302.471888 2.955490e-25
303.159881 2.958370e-25
303.849440 2.961259e-25
304.540567 2.964158e-25
305.233265 2.967067e-25
305.927540 2.969985e-25
306.623393 2.972913e-25
307.320830 2.975850e-25
308.019852 2.978797e-25
308.720465 2.981754e-25
309.422671 2.984720e-25
310.126475 2.987696e-25
310.831879 2.990682e-25
311.538888 2.993677e-25
312.247505 2.996683e-25
312.957734 2.999698e-25
313.669578 3.002722e-25
314.383041 3.005757e-25
315.098127 3.008802e-25
315.814840 3.011856e-25
316.533183 3.014920e-25
317.253160 3.017994e-25
317.974774 3.021078e-25
318.698030 3.024172e-25
319.422931 3.027276e-25
320.149481 3.030390e-25
320.877683 3.033513e-25
321.607542 3.036647e-25
322.339061 3.039791e-25
323.072243 3.042945e-25
323.807094 3.046109e-25
324.543616 3.049283e-25
325.281813 3.052467e-25
326.021689 3.055661e-25
326.763248 3.058866e-25
327.506494 3.062080e-25
328.251430 3.065305e-25
328.998061 3.068540e-25
329.746390 3.071785e-25
330.496421 3.075041e-25
331.248158 3.078306e-25
332.001605 3.081582e-25
332.756766 3.084868e-25
333.513645 3.088165e-25
334.272245 3.091472e-25
335.032570 3.094789e-25
335.794625 3.098117e-25
336.558414 3.101455e-25
337.323939 3.104804e-25
338.091206 3.108163e-25
338.860218 3.111532e-25
339.630980 3.114912e-25
340.403494 3.118303e-25
341.177765 3.121704e-25
341.953798 3.125115e-25
342.731596 3.128538e-25
343.511163 3.131970e-25
344.292503 3.135414e-25
345.075620 3.138868e-25
345.860519 3.142333e-25
346.647203 3.145808e-25
347.435676 3.149294e-25
348.225943 3.152791e-25
349.018007 3.156299e-25
349.811873 3.159817e-25
350.607544 3.163347e-25
351.405026 3.166887e-25
352.204321 3.170438e-25
353.005434 3.173999e-25
353.808370 3.177572e-25
354.613132 3.181156e-25
355.419724 3.184750e-25
356.228151 3.188356e-25
357.038417 3.191972e-25
357.850526 3.195600e-25
358.664482 3.199238e-25
359.480289 3.202888e-25
360.297952 3.206549e-25
361.117475 3.210221e-25
361.938862 3.213904e-25
362.762117 3.217598e-25
363.587245 3.221303e-25
364.414249 3.225019e-25
365.243135 3.228747e-25
366.073906 3.232486e-25
366.906567 3.236236e-25
367.741121 3.239998e-25
368.577574 3.243771e-25
369.415930 3.247555e-25
370.256192 3.251350e-25
371.098366 3.255157e-25
371.942455 3.258976e-25
372.788464 3.262805e-25
373.636397 3.266647e-25
374.486259 3.270499e-25
375.338054 3.274364e-25
376.191787 3.278239e-25
377.047461 3.282127e-25
377.905082 3.286026e-25
378.764654 3.289936e-25
379.626180 3.293859e-25
380.489667 3.297793e-25
381.355117 3.301738e-25
382.222536 3.305695e-25
383.091928 3.309665e-25
383.963297 3.313645e-25
384.836648 3.317638e-25
385.711986 3.321642e-25
386.589315 3.325659e-25
387.468639 3.329687e-25
388.349964 3.333727e-25
389.233293 3.337779e-25
390.118631 3.341843e-25
391.005983 3.345919e-25
391.895354 3.350007e-25
392.786747 3.354107e-25
393.680168 3.358219e-25
394.575621 3.362343e-25
395.473111 3.366479e-25
396.372642 3.370627e-25
397.274219 3.374788e-25
398.177847 3.378960e-25
399.083531 3.383145e-25
399.991274 3.387342e-25
400.901082 3.391552e-25
401.812960 3.395774e-25
402.726911 3.400008e-25
403.642942 3.404254e-25
404.561056 3.408513e-25
405.481258 3.412784e-25
406.403554 3.417068e-25
407.327947 3.421364e-25
408.254443 3.425672e-25
409.183046 3.429993e-25
410.113761 3.434327e-25
411.046594 3.438673e-25
411.981548 3.443032e-25
412.918629 3.447404e-25
413.857841 3.451788e-25
414.799190 3.456184e-25
415.742679 3.460594e-25
416.688315 3.465016e-25
417.636102 3.469451e-25
418.586044 3.473899e-25
419.538147 3.478360e-25
420.492416 3.482834e-25
421.448856 3.487320e-25
422.407470 3.491819e-25
423.368266 3.496332e-25
424.331246 3.500857e-25
425.296418 3.505395e-25
426.263784 3.509947e-25
427.233351 3.514511e-25
428.205123 3.519089e-25
429.179105 3.523679e-25
430.155303 3.528283e-25
431.133721 3.532900e-25
432.114365 3.537530e-25
433.097239 3.542174e-25
434.082349 3.546830e-25
435.069700 3.551500e-25
436.059296 3.556184e-25
437.051144 3.560881e-25
438.045247 3.565591e-25
439.041612 3.570314e-25
440.040242 3.575051e-25
441.041145 3.579802e-25
442.044323 3.584566e-25
443.049784 3.589343e-25
444.057532 3.594135e-25
445.067572 3.598939e-25
446.079909 3.603758e-25
447.094549 3.608590e-25
448.111497 3.613436e-25
449.130758 3.618295e-25
450.152337 3.623169e-25
451.176240 3.628056e-25
452.202472 3.632957e-25
453.231038 3.637872e-25
454.261943 3.642801e-25
455.295194 3.647743e-25
456.330795 3.652700e-25
457.368751 3.657671e-25
458.409068 3.662655e-25
459.451751 3.667654e-25
460.496807 3.672667e-25
461.544239 3.677694e-25
462.594053 3.682735e-25
463.646256 3.687790e-25
464.700852 3.692860e-25
465.757846 3.697944e-25
466.817245 3.703042e-25
467.879053 3.708154e-25
468.943277 3.713281e-25
470.009921 3.718422e-25
471.078992 3.723578e-25
472.150494 3.728748e-25
473.224433 3.733932e-25
474.300815 3.739131e-25
475.379645 3.744345e-25
476.460929 3.749573e-25
477.544673 3.754816e-25
478.630882 3.760074e-25
479.719561 3.765346e-25
480.810717 3.770633e-25
481.904354 3.775934e-25
483.000479 3.781251e-25
484.099098 3.786582e-25
485.200215 3.791928e-25
486.303837 3.797290e-25
487.409969 3.802666e-25
488.518617 3.808057e-25
489.629786 3.813463e-25
490.743484 3.818884e-25
491.859714 3.824320e-25
492.978483 3.829771e-25
494.099797 3.835238e-25
495.223662 3.840719e-25
496.350083 3.846216e-25
497.479065 3.851728e-25
498.610616 3.857255e-25
499.744741 3.862798e-25
500.881445 3.868356e-25
502.020735 3.873930e-25
503.162616 3.879519e-25
504.307095 3.885123e-25
505.454177 3.890743e-25
506.603867 3.896378e-25
507.756173 3.902029e-25
508.911100 3.907696e-25
510.068654 3.913378e-25
511.228841 3.919076e-25
512.391666 3.924790e-25
513.557137 3.930520e-25
514.725259 3.936265e-25
515.896037 3.942026e-25
517.069479 3.947803e-25
518.245589 3.953596e-25
519.424375 3.959405e-25
520.605842 3.965230e-25
521.789997 3.971071e-25
522.976844 3.976928e-25
524.166392 3.982801e-25
525.358645 3.988690e-25
526.553610 3.994596e-25
527.751293 4.000517e-25
528.951700 4.006455e-25
530.154837 4.012410e-25
531.360712 4.018380e-25
532.569329 4.024367e-25
533.780695 4.030371e-25
534.994816 4.036390e-25
536.211699 4.042427e-25
537.431350 4.048480e-25
538.653775 4.054549e-25
539.878981 4.060635e-25
541.106974 4.066738e-25
542.337759 4.072857e-25
543.571344 4.078993e-25
544.807735 4.085146e-25
546.046938 4.091316e-25
547.288960 4.097503e-25
548.533807 4.103706e-25
549.781486 4.109927e-25
551.032002 4.116164e-25
552.285363 4.122418e-25
553.541575 4.128690e-25
554.800644 4.134978e-25
556.062576 4.141284e-25
557.327379 4.147607e-25
558.595060 4.153947e-25
559.865623 4.160304e-25
561.139076 4.166679e-25
562.415426 4.173071e-25
563.694680 4.179481e-25
564.976843 4.185907e-25
566.261922 4.192352e-25
567.549924 4.198813e-25
568.840856 4.205293e-25
570.134724 4.211790e-25
571.431536 4.218304e-25
572.731296 4.224837e-25
574.034014 4.231387e-25
575.339694 4.237954e-25
576.648345 4.244540e-25
577.959972 4.251143e-25
579.274582 4.257765e-25
580.592182 4.264404e-25
581.912780 4.271061e-25
583.236381 4.277736e-25
584.562993 4.284430e-25
585.892622 4.291141e-25
587.225276 4.297871e-25
588.560961 4.304619e-25
589.899684 4.311385e-25
591.241452 4.318169e-25
592.586272 4.324972e-25
593.934151 4.331793e-25
595.285095 4.338632e-25
596.639113 4.345490e-25
597.996210 4.352366e-25
599.356394 4.359261e-25
600.719672 4.366175e-25
602.086051 4.373107e-25
603.455538 4.380058e-25
604.828140 4.387028e-25
606.203864 4.394016e-25
607.582717 4.401023e-25
608.964706 4.408049e-25
610.349839 4.415094e-25
611.738122 4.422158e-25
613.129563 4.429241e-25
614.524169 4.436343e-25
615.921947 4.443464e-25
617.322905 4.450605e-25
618.727049 4.457764e-25
620.134387 4.464943e-25
621.544926 4.472141e-25
622.958673 4.479358e-25
624.375636 4.486595e-25
625.795822 4.493851e-25
627.219238 4.501126e-25
628.645892 4.508422e-25
630.075791 4.515736e-25
631.508943 4.523070e-25
632.945354 4.530424e-25
634.385032 4.537798e-25
635.827985 4.545191e-25
637.274220 4.552605e-25
638.723745 4.560038e-25
640.176567 4.567491e-25
641.632693 4.574964e-25
643.092132 4.582457e-25
644.554890 4.589969e-25
646.020975 4.597503e-25
647.490395 4.605056e-25
648.963157 4.612629e-25
650.439269 4.620223e-25
651.918738 4.627837e-25
653.401573 4.635471e-25
654.887780 4.643126e-25
656.377368 4.650801e-25
657.870345 4.658496e-25
659.366717 4.666212e-25
660.866492 4.673949e-25
662.369679 4.681706e-25
663.876285 4.689484e-25
665.386318 4.697283e-25
666.899786 4.705103e-25
668.416696 4.712943e-25
669.937057 4.720805e-25
671.460875 4.728687e-25
672.988160 4.736590e-25
674.518918 4.744514e-25
676.053159 4.752460e-25
677.590889 4.760426e-25
679.132117 4.768414e-25
680.676850 4.776423e-25
682.225097 4.784453e-25
683.776866 4.792505e-25
685.332164 4.800578e-25
686.891000 4.808673e-25
688.453381 4.816789e-25
690.019317 4.824926e-25
691.588814 4.833085e-25
693.161881 4.841266e-25
694.738526 4.849469e-25
696.318757 4.857693e-25
697.902583 4.865940e-25
699.490011 4.874208e-25
701.081050 4.882498e-25
702.675708 4.890810e-25
704.273993 4.899144e-25
705.875913 4.907500e-25
707.481477 4.915878e-25
709.090693 4.924279e-25
710.703570 4.932702e-25
712.320115 4.941147e-25
713.940336 4.949614e-25
715.564244 4.958104e-25
717.191844 4.966617e-25
718.823147 4.975151e-25
720.458161 4.983709e-25
722.096893 4.992289e-25
723.739353 5.000892e-25
725.385549 5.009518e-25
727.035489 5.018166e-25
728.689182 5.026837e-25
730.346636 5.035532e-25
732.007861 5.044249e-25
733.672864 5.052989e-25
735.341654 5.061752e-25
737.014240 5.070539e-25
738.690630 5.079349e-25
740.370833 5.088182e-25
742.054859 5.097038e-25
743.742714 5.105918e-25
745.434409 5.114821e-25
747.129952 5.123747e-25
748.829351 5.132697e-25
750.532616 5.141671e-25
752.239754 5.150669e-25
753.950776 5.159690e-25
755.665690 5.168735e-25
757.384504 5.177803e-25
759.107228 5.186896e-25
760.833871 5.196013e-25
762.564440 5.205153e-25
764.298947 5.214318e-25
766.037398 5.223507e-25
767.779803 5.232720e-25
769.526172 5.241957e-25
771.276513 5.251219e-25
773.030836 5.260505e-25
774.789148 5.269815e-25
776.551460 5.279150e-25
778.317781 5.288510e-25
780.088119 5.297894e-25
781.862484 5.307303e-25
783.640885 5.316736e-25
785.423330 5.326194e-25
787.209831 5.335678e-25
789.000394 5.345186e-25
790.795031 5.354719e-25
792.593749 5.364277e-25
794.396559 5.373860e-25
796.203470 5.383469e-25
798.014490 5.393102e-25
799.829630 5.402761e-25
801.648898 5.412445e-25
803.472305 5.422155e-25
805.299858 5.431890e-25
807.131569 5.441651e-25
808.967446 5.451437e-25
810.807499 5.461249e-25
812.651738 5.471087e-25
814.500171 5.480950e-25
816.352808 5.490840e-25
818.209660 5.500755e-25
820.070735 5.510696e-25
821.936043 5.520663e-25
823.805594 5.530657e-25
825.679397 5.540676e-25
827.557463 5.550722e-25
829.439800 5.560794e-25
831.326419 5.570893e-25
833.217329 5.581018e-25
835.112540 5.591169e-25
837.012061 5.601347e-25
838.915904 5.611552e-25
840.824077 5.621783e-25
842.736590 5.632041e-25
844.653453 5.642326e-25
846.574676 5.652638e-25
848.500269 5.662977e-25
850.430243 5.673343e-25
852.364605 5.683735e-25
854.303368 5.694156e-25
856.246541 5.704603e-25
858.194134 5.715077e-25
860.146156 5.725579e-25
862.102619 5.736109e-25
864.063531 5.746666e-25
866.028904 5.757250e-25
867.998747 5.767862e-25
869.973071 5.778502e-25
871.951885 5.789170e-25
873.935201 5.799865e-25
875.923028 5.810588e-25
877.915376 5.821340e-25
879.912256 5.832119e-25
881.913677 5.842926e-25
883.919652 5.853762e-25
885.930189 5.864626e-25
887.945299 5.875518e-25
889.964992 5.886439e-25
891.989280 5.897388e-25
894.018172 5.908366e-25
896.051679 5.919372e-25
898.089811 5.930407e-25
900.132579 5.941471e-25
902.179993 5.952563e-25
904.232064 5.963684e-25
906.288803 5.974835e-25
908.350221 5.986014e-25
910.416327 5.997223e-25
912.487132 6.008460e-25
914.562648 6.019727e-25
916.642884 6.031023e-25
918.727853 6.042349e-25
920.817563 6.053704e-25
922.912027 6.065089e-25
925.011255 6.076503e-25
927.115258 6.087947e-25
929.224046 6.099421e-25
931.337631 6.110924e-25
933.456024 6.122458e-25
935.579235 6.134021e-25
937.707275 6.145615e-25
939.840156 6.157238e-25
941.977888 6.168892e-25
944.120482 6.180576e-25
946.267950 6.192291e-25
948.420303 6.204036e-25
950.577551 6.215811e-25
952.739706 6.227617e-25
954.906779 6.239454e-25
957.078781 6.251321e-25
959.255724 6.263219e-25
961.437618 6.275148e-25
963.624475 6.287109e-25
965.816306 6.299100e-25
968.013122 6.311122e-25
970.214936 6.323175e-25
972.421758 6.335260e-25
974.633599 6.347376e-25
976.850471 6.359523e-25
979.072386 6.371702e-25
981.299354 6.383913e-25
983.531388 6.396155e-25
985.768499 6.408429e-25
988.010698 6.420735e-25
990.257997 6.433072e-25
992.510408 6.445442e-25
994.767943 6.457844e-25
997.030612 6.470277e-25
999.298428 6.482744e-25
1001.571402 6.495242e-25
1003.849546 6.507773e-25
1006.132872 6.520336e-25
1008.421391 6.532931e-25
1010.715116 6.545560e-25
1013.014058 6.558221e-25
1015.318229 6.570914e-25
1017.627642 6.583641e-25
1019.942307 6.596401e-25
1022.262237 6.609193e-25
1024.587444 6.622019e-25
1026.917939 6.634878e-25
1029.253736 6.647770e-25
1031.594845 6.660696e-25
1033.941280 6.673654e-25
1036.293051 6.686647e-25
1038.650172 6.699673e-25
1041.012655 6.712733e-25
1043.380511 6.725826e-25
1045.753753 6.738954e-25
1048.132393 6.752115e-25
1050.516443 6.765310e-25
1052.905916 6.778540e-25
1055.300824 6.791803e-25
1057.701179 6.805101e-25
1060.106995 6.818433e-25
1062.518282 6.831800e-25
1064.935054 6.845201e-25
1067.357323 6.858637e-25
1069.785102 6.872108e-25
1072.218403 6.885613e-25
1074.657238 6.899153e-25
1077.101621 6.912728e-25
1079.551564 6.926338e-25
1082.007080 6.939984e-25
1084.468180 6.953664e-25
1086.934879 6.967380e-25
1089.407188 6.981132e-25
1091.885121 6.994918e-25
1094.368690 7.008741e-25
1096.857908 7.022599e-25
1099.352788 7.036492e-25
1101.853343 7.050422e-25
1104.359585 7.064387e-25
1106.871528 7.078389e-25
1109.389184 7.092426e-25
1111.912568 7.106500e-25
1114.441690 7.120610e-25
1116.976566 7.134757e-25
1119.517207 7.148940e-25
1122.063627 7.163159e-25
1124.615839 7.177415e-25
1127.173857 7.191708e-25
1129.737692 7.206038e-25
1132.307359 7.220405e-25
1134.882872 7.234808e-25
1137.464242 7.249249e-25
1140.051484 7.263727e-25
1142.644611 7.278242e-25
1145.243636 7.292795e-25
1147.848572 7.307385e-25
1150.459434 7.322013e-25
1153.076234 7.336678e-25
1155.698987 7.351381e-25
1158.327705 7.366122e-25
1160.962402 7.380901e-25
1163.603092 7.395718e-25
1166.249789 7.410573e-25
1168.902505 7.425466e-25
1171.561255 7.440398e-25
1174.226053 7.455368e-25
1176.896913 7.470377e-25
1179.573847 7.485424e-25
1182.256870 7.500510e-25
1184.945996 7.515634e-25
1187.641238 7.530798e-25
1190.342611 7.546000e-25
1193.050128 7.561242e-25
1195.763804 7.576523e-25
1198.483653 7.591843e-25
1201.209687 7.607203e-25
1203.941923 7.622602e-25
1206.680373 7.638040e-25
1209.425051 7.653518e-25
1212.175973 7.669036e-25
1214.933152 7.684594e-25
1217.696602 7.700192e-25
1220.466338 7.715830e-25
1223.242374 7.731508e-25
1226.024724 7.747227e-25
1228.813403 7.762986e-25
1231.608425 7.778785e-25
1234.409805 7.794625e-25
1237.217556 7.810505e-25
1240.031694 7.826427e-25
1242.852232 7.842389e-25
1245.679186 7.858392e-25
1248.512571 7.874436e-25
1251.352400 7.890522e-25
1254.198688 7.906649e-25
1257.051451 7.922817e-25
1259.910702 7.939026e-25
1262.776457 7.955277e-25
1265.648730 7.971570e-25
1268.527537 7.987905e-25
1271.412891 8.004282e-25
1274.304809 8.020700e-25
1277.203304 8.037161e-25
1280.108392 8.053664e-25
1283.020088 8.070210e-25
1285.938407 8.086797e-25
1288.863363 8.103428e-25
1291.794973 8.120101e-25
1294.733251 8.136816e-25
1297.678212 8.153575e-25
1300.629872 8.170376e-25
1303.588245 8.187221e-25
1306.553348 8.204109e-25
1309.525195 8.221040e-25
1312.503801 8.238014e-25
1315.489183 8.255032e-25
1318.481355 8.272094e-25
1321.480333 8.289199e-25
1324.486132 8.306348e-25
1327.498768 8.323541e-25
1330.518257 8.340779e-25
1333.544614 8.358060e-25
1336.577854 8.375385e-25
1339.617994 8.392755e-25
1342.665048 8.410170e-25
1345.719034 8.427629e-25
1348.779966 8.445132e-25
1351.847860 8.462681e-25
1354.922732 8.480274e-25
1358.004599 8.497913e-25
1361.093475 8.515597e-25
1364.189377 8.533326e-25
1367.292321 8.551100e-25
1370.402323 8.568920e-25
1373.519399 8.586785e-25
1376.643564 8.604696e-25
1379.774836 8.622653e-25
1382.913231 8.640656e-25
1386.058763 8.658705e-25
1389.211451 8.676801e-25
1392.371309 8.694942e-25
1395.538355 8.713130e-25
1398.712605 8.731364e-25
1401.894074 8.749645e-25
1405.082780 8.767973e-25
1408.278739 8.786348e-25
1411.481967 8.804770e-25
1414.692482 8.823238e-25
1417.910298 8.841754e-25
1421.135434 8.860318e-25
1424.367906 8.878929e-25
1427.607730 8.897587e-25
1430.854924 8.916293e-25
1434.109503 8.935047e-25
1437.371486 8.953849e-25
1440.640887 8.972699e-25
1443.917726 8.991597e-25
1447.202017 9.010543e-25
1450.493780 9.029538e-25
1453.793029 9.048582e-25
1457.099783 9.067674e-25
1460.414058 9.086814e-25
1463.735872 9.106004e-25
1467.065241 9.125243e-25
1470.402183 9.144531e-25
1473.746716 9.163868e-25
1477.098856 9.183254e-25
1480.458620 9.202690e-25
1483.826027 9.222176e-25
1487.201093 9.241711e-25
1490.583835 9.261297e-25
1493.974272 9.280932e-25
1497.372421 9.300618e-25
1500.778299 9.320353e-25
1504.191924 9.340139e-25
1507.613314 9.359976e-25
1511.042486 9.379863e-25
1514.479458 9.399801e-25
1517.924247 9.419790e-25
1521.376872 9.439830e-25
1524.837349 9.459921e-25
1528.305698 9.480064e-25
1531.781937 9.500257e-25
1535.266082 9.520503e-25
1538.758151 9.540799e-25
1542.258164 9.561148e-25
1545.766138 9.581549e-25
1549.282091 9.602001e-25
1552.806042 9.622506e-25
1556.338007 9.643063e-25
1559.878007 9.663673e-25
1563.426058 9.684335e-25
1566.982180 9.705050e-25
1570.546390 9.725818e-25
1574.118708 9.746638e-25
1577.699151 9.767512e-25
1581.287738 9.788439e-25
1584.884487 9.809419e-25
1588.489418 9.830453e-25
1592.102548 9.851540e-25
1595.723896 9.872681e-25
1599.353482 9.893876e-25
1602.991323 9.915125e-25
1606.637438 9.936429e-25
1610.291848 9.957786e-25
1613.954569 9.979198e-25
1617.625621 1.000066e-24
1621.305024 1.002219e-24
1624.992795 1.004376e-24
1628.688955 1.006539e-24
1632.393521 1.008708e-24
1636.106515 1.010882e-24
1639.827953 1.013062e-24
1643.557856 1.015247e-24
1647.296243 1.017438e-24
1651.043134 1.019634e-24
1654.798547 1.021836e-24
1658.562502 1.024044e-24
1662.335018 1.026257e-24
1666.116115 1.028476e-24
1669.905812 1.030700e-24
1673.704130 1.032930e-24
1677.511087 1.035166e-24
1681.326703 1.037408e-24
1685.150998 1.039655e-24
1688.983991 1.041908e-24
1692.825703 1.044167e-24
1696.676154 1.046431e-24
1700.535362 1.048701e-24
1704.403349 1.050977e-24
1708.280133 1.053259e-24
1712.165735 1.055547e-24
1716.060176 1.057840e-24
1719.963475 1.060139e-24
1723.875652 1.062444e-24
1727.796727 1.064755e-24
1731.726722 1.067072e-24
1735.665655 1.069395e-24
1739.613548 1.071723e-24
1743.570420 1.074058e-24
1747.536293 1.076398e-24
1751.511186 1.078745e-24
1755.495121 1.081097e-24
1759.488117 1.083456e-24
1763.490196 1.085820e-24
1767.501377 1.088191e-24
1771.521683 1.090567e-24
1775.551132 1.092950e-24
1779.589747 1.095338e-24
1783.637549 1.097733e-24
1787.694557 1.100133e-24
1791.760793 1.102540e-24
1795.836278 1.104953e-24
1799.921033 1.107372e-24
1804.015079 1.109797e-24
1808.118437 1.112229e-24
1812.231129 1.114666e-24
1816.353175 1.117110e-24
1820.484597 1.119560e-24
1824.625417 1.122016e-24
1828.775655 1.124479e-24
1832.935333 1.126947e-24
1837.104472 1.129422e-24
1841.283094 1.131904e-24
1845.471221 1.134391e-24
1849.668875 1.136885e-24
1853.876076 1.139385e-24
1858.092846 1.141892e-24
1862.319208 1.144405e-24
1866.555183 1.146924e-24
1870.800793 1.149450e-24
1875.056060 1.151982e-24
1879.321006 1.154521e-24
1883.595653 1.157066e-24
1887.880023 1.159617e-24
1892.174138 1.162175e-24
1896.478020 1.164740e-24
1900.791692 1.167311e-24
1905.115175 1.169888e-24
1909.448493 1.172472e-24
1913.791667 1.175063e-24
1918.144720 1.177660e-24
1922.507674 1.180264e-24
1926.880552 1.182874e-24
1931.263376 1.185491e-24
1935.656170 1.188115e-24
1940.058955 1.190745e-24
1944.471754 1.193382e-24
1948.894591 1.196026e-24
1953.327488 1.198676e-24
1957.770468 1.201334e-24
1962.223553 1.203997e-24
1966.686768 1.206668e-24
1971.160134 1.209346e-24
1975.643676 1.212030e-24
1980.137415 1.214721e-24
1984.641376 1.217419e-24
1989.155582 1.220123e-24
1993.680055 1.222835e-24
1998.214819 1.225553e-24
2002.759898 1.228279e-24
2007.315316 1.231011e-24
2011.881095 1.233750e-24
2016.457259 1.236496e-24
2021.043832 1.239250e-24
2025.640837 1.242010e-24
2030.248298 1.244777e-24
2034.866240 1.247551e-24
2039.494685 1.250332e-24
2044.133658 1.253120e-24
2048.783183 1.255916e-24
2053.443284 1.258718e-24
2058.113984 1.261527e-24
2062.795308 1.264344e-24
2067.487280 1.267168e-24
2072.189924 1.269999e-24
2076.903265 1.272837e-24
2081.627326 1.275682e-24
2086.362133 1.278534e-24
2091.107709 1.281394e-24
2095.864080 1.284261e-24
2100.631269 1.287135e-24
2105.409302 1.290017e-24
2110.198202 1.292906e-24
2114.997995 1.295802e-24
2119.808706 1.298705e-24
2124.630359 1.301616e-24
2129.462979 1.304535e-24
2134.306591 1.307460e-24
2139.161221 1.310393e-24
2144.026892 1.313334e-24
2148.903631 1.316282e-24
2153.791462 1.319237e-24
2158.690412 1.322200e-24
2163.600504 1.325170e-24
2168.521764 1.328148e-24
2173.454218 1.331134e-24
2178.397892 1.334127e-24
2183.352810 1.337127e-24
2188.318998 1.340136e-24
2193.296483 1.343152e-24
2198.285289 1.346175e-24
2203.285442 1.349206e-24
2208.296969 1.352245e-24
2213.319894 1.355291e-24
2218.354245 1.358346e-24
2223.400047 1.361408e-24
2228.457325 1.364477e-24
2233.526107 1.367555e-24
2238.606418 1.370640e-24
2243.698285 1.373733e-24
2248.801733 1.376834e-24
2253.916790 1.379943e-24
2259.043481 1.383060e-24
2264.181833 1.386184e-24
2269.331873 1.389317e-24
2274.493627 1.392457e-24
2279.667121 1.395606e-24
2284.852383 1.398762e-24
2290.049440 1.401926e-24
2295.258317 1.405099e-24
2300.479043 1.408279e-24
2305.711643 1.411467e-24
2310.956145 1.414664e-24
2316.212576 1.417868e-24
2321.480963 1.421081e-24
2326.761334 1.424302e-24
2332.053715 1.427531e-24
2337.358134 1.430768e-24
2342.674618 1.434013e-24
2348.003195 1.437267e-24
2353.343893 1.440529e-24
2358.696738 1.443799e-24
2364.061758 1.447077e-24
2369.438982 1.450364e-24
2374.828436 1.453659e-24
2380.230149 1.456962e-24
2385.644149 1.460273e-24
2391.070463 1.463593e-24
2396.509120 1.466922e-24
2401.960147 1.470259e-24
2407.423573 1.473604e-24
2412.899426 1.476958e-24
2418.387735 1.480320e-24
2423.888527 1.483691e-24
2429.401830 1.487070e-24
2434.927674 1.490458e-24
2440.466087 1.493854e-24
2446.017098 1.497259e-24
2451.580735 1.500673e-24
2457.157026 1.504095e-24
2462.746002 1.507526e-24
2468.347689 1.510965e-24
2473.962118 1.514413e-24
2479.589318 1.517870e-24
2485.229317 1.521336e-24
2490.882145 1.524810e-24
2496.547830 1.528294e-24
2502.226403 1.531786e-24
2507.917891 1.535287e-24
2513.622326 1.538796e-24
2519.339735 1.542315e-24
2525.070149 1.545842e-24
2530.813598 1.549379e-24
2536.570110 1.552924e-24
2542.339716 1.556479e-24
2548.122445 1.560042e-24
2553.918328 1.563614e-24
2559.727393 1.567196e-24
2565.549672 1.570786e-24
2571.385194 1.574385e-24
2577.233989 1.577994e-24
2583.096088 1.581612e-24
2588.971520 1.585239e-24
2594.860317 1.588875e-24
2600.762508 1.592520e-24
2606.678124 1.596174e-24
2612.607195 1.599838e-24
2618.549753 1.603511e-24
2624.505827 1.607193e-24
2630.475449 1.610884e-24
2636.458649 1.614585e-24
2642.455458 1.618295e-24
2648.465908 1.622015e-24
2654.490028 1.625744e-24
2660.527851 1.629482e-24
2666.579408 1.633230e-24
2672.644729 1.636987e-24
2678.723846 1.640754e-24
2684.816790 1.644530e-24
2690.923594 1.648316e-24
2697.044287 1.652112e-24
2703.178903 1.655917e-24
2709.327472 1.659731e-24
2715.490027 1.663555e-24
2721.666598 1.667389e-24
2727.857219 1.671233e-24
2734.061921 1.675086e-24
2740.280735 1.678949e-24
2746.513695 1.682822e-24
2752.760833 1.686705e-24
2759.022179 1.690597e-24
2765.297768 1.694499e-24
2771.587631 1.698411e-24
2777.891801 1.702333e-24
2784.210309 1.706265e-24
2790.543190 1.710207e-24
2796.890476 1.714158e-24
2803.252198 1.718120e-24
2809.628391 1.722092e-24
2816.019087 1.726074e-24
2822.424319 1.730065e-24
2828.844120 1.734067e-24
2835.278524 1.738079e-24
2841.727563 1.742101e-24
2848.191271 1.746133e-24
2854.669681 1.750176e-24
2861.162826 1.754229e-24
2867.670741 1.758291e-24
2874.193458 1.762365e-24
2880.731012 1.766448e-24
2887.283436 1.770542e-24
2893.850764 1.774646e-24
2900.433029 1.778760e-24
2907.030267 1.782885e-24
2913.642510 1.787020e-24
2920.269794 1.791166e-24
2926.912151 1.795322e-24
2933.569617 1.799488e-24
2940.242226 1.803665e-24
2946.930013 1.807853e-24
2953.633011 1.812051e-24
2960.351255 1.816260e-24
2967.084781 1.820480e-24
2973.833622 1.824710e-24
2980.597815 1.828950e-24
2987.377393 1.833202e-24
2994.172391 1.837464e-24
3000.982845 1.841737e-24
3007.808790 1.846021e-24
3014.650262 1.850315e-24
3021.507294 1.854621e-24
3028.379923 1.858937e-24
3035.268185 1.863264e-24
3042.172115 1.867602e-24
3049.091747 1.871951e-24
3056.027120 1.876311e-24
3062.978267 1.880682e-24
3069.945225 1.885064e-24
3076.928029 1.889457e-24
3083.926717 1.893861e-24
3090.941324 1.898276e-24
3097.971886 1.902703e-24
3105.018439 1.907140e-24
3112.081020 1.911589e-24
3119.159666 1.916049e-24
3126.254413 1.920520e-24
3133.365297 1.925002e-24
3140.492355 1.929496e-24
3147.635624 1.934001e-24
3154.795141 1.938518e-24
3161.970943 1.943046e-24
3169.163067 1.947585e-24
3176.371549 1.952136e-24
3183.596428 1.956698e-24
3190.837741 1.961271e-24
3198.095524 1.965857e-24
3205.369816 1.970453e-24
3212.660653 1.975062e-24
3219.968074 1.979682e-24
3227.292116 1.984314e-24
3234.632818 1.988957e-24
3241.990216 1.993612e-24
3249.364349 1.998279e-24
3256.755255 2.002957e-24
3264.162972 2.007648e-24
3271.587539 2.012350e-24
3279.028993 2.017064e-24
3286.487374 2.021790e-24
3293.962719 2.026527e-24
3301.455067 2.031277e-24
3308.964457 2.036039e-24
3316.490928 2.040813e-24
3324.034518 2.045598e-24
3331.595267 2.050396e-24
3339.173213 2.055206e-24
3346.768396 2.060028e-24
3354.380854 2.064863e-24
3362.010628 2.069709e-24
3369.657756 2.074568e-24
3377.322277 2.079438e-24
3385.004233 2.084321e-24
3392.703661 2.089217e-24
3400.420603 2.094125e-24
3408.155097 2.099045e-24
3415.907184 2.103977e-24
3423.676903 2.108922e-24
3431.464295 2.113880e-24
3439.269401 2.118850e-24
3447.092259 2.123832e-24
3454.932911 2.128827e-24
3462.791397 2.133835e-24
3470.667758 2.138855e-24
3478.562034 2.143888e-24
3486.474267 2.148933e-24
3494.404496 2.153992e-24
3502.352763 2.159063e-24
3510.319109 2.164146e-24
3518.303575 2.169243e-24
3526.306202 2.174352e-24
3534.327032 2.179475e-24
3542.366105 2.184610e-24
3550.423464 2.189758e-24
3558.499151 2.194919e-24
3566.593205 2.200093e-24
3574.705671 2.205281e-24
3582.836588 2.210481e-24
3590.986000 2.215694e-24
3599.153949 2.220921e-24
3607.340476 2.226160e-24
3615.545624 2.231413e-24
3623.769435 2.236679e-24
3632.011951 2.241958e-24
3640.273216 2.247251e-24
3648.553272 2.252557e-24
3656.852161 2.257876e-24
3665.169927 2.263209e-24
3673.506612 2.268555e-24
3681.862259 2.273915e-24
3690.236912 2.279288e-24
3698.630613 2.284674e-24
3707.043407 2.290074e-24
3715.475336 2.295488e-24
3723.926444 2.300916e-24
3732.396775 2.306357e-24
3740.886372 2.311812e-24
3749.395279 2.317280e-24
3757.923541 2.322762e-24
3766.471200 2.328259e-24
3775.038302 2.333768e-24
3783.624890 2.339292e-24
3792.231010 2.344830e-24
3800.856704 2.350382e-24
3809.502018 2.355947e-24
3818.166996 2.361527e-24
3826.851684 2.367121e-24
3835.556125 2.372729e-24
3844.280365 2.378350e-24
3853.024450 2.383987e-24
3861.788423 2.389637e-24
3870.572330 2.395301e-24
3879.376217 2.400980e-24
3888.200129 2.406673e-24
3897.044112 2.412380e-24
3905.908211 2.418102e-24
3914.792472 2.423838e-24
3923.696941 2.429589e-24
3932.621664 2.435354e-24
3941.566686 2.441134e-24
3950.532055 2.446928e-24
3959.517816 2.452736e-24
3968.524016 2.458560e-24
3977.550701 2.464398e-24
3986.597918 2.470250e-24
3995.665713 2.476118e-24
4004.754134 2.482000e-24
4013.863227 2.487897e-24
4022.993039 2.493809e-24
4032.143618 2.499736e-24
4041.315010 2.505677e-24
4050.507263 2.511634e-24
4059.720425 2.517605e-24
4068.954542 2.523592e-24
4078.209664 2.529594e-24
4087.485836 2.535610e-24
4096.783108 2.541642e-24
4106.101528 2.547689e-24
4115.441142 2.553752e-24
4124.802001 2.559829e-24
4134.184151 2.565922e-24
4143.587641 2.572030e-24
4153.012521 2.578154e-24
4162.458838 2.584293e-24
4171.926641 2.590447e-24
4181.415980 2.596617e-24
4190.926902 2.602802e-24
4200.459458 2.609003e-24
4210.013697 2.615220e-24
4219.589667 2.621452e-24
4229.187418 2.627700e-24
4238.807000 2.633964e-24
4248.448463 2.640243e-24
4258.111856 2.646538e-24
4267.797228 2.652849e-24
4277.504631 2.659176e-24
4287.234114 2.665519e-24
4296.985728 2.671878e-24
4306.759522 2.678253e-24
4316.555547 2.684644e-24
4326.373854 2.691050e-24
4336.214494 2.697473e-24
4346.077516 2.703913e-24
4355.962973 2.710368e-24
4365.870915 2.716840e-24
4375.801393 2.723327e-24
4385.754459 2.729832e-24
4395.730164 2.736352e-24
4405.728559 2.742889e-24
4415.749697 2.749443e-24
4425.793628 2.756012e-24
4435.860404 2.762599e-24
4445.950079 2.769202e-24
4456.062703 2.775821e-24
4466.198328 2.782458e-24
4476.357008 2.789111e-24
4486.538795 2.795780e-24
4496.743741 2.802467e-24
4506.971899 2.809170e-24
4517.223321 2.815890e-24
4527.498061 2.822627e-24
4537.796171 2.829381e-24
4548.117706 2.836152e-24
4558.462717 2.842940e-24
4568.831259 2.849745e-24
4579.223384 2.856567e-24
4589.639148 2.863406e-24
4600.078603 2.870263e-24
4610.541803 2.877137e-24
4621.028802 2.884028e-24
4631.539655 2.890936e-24
4642.074415 2.897862e-24
4652.633138 2.904805e-24
4663.215877 2.911765e-24
4673.822687 2.918743e-24
4684.453623 2.925739e-24
4695.108740 2.932752e-24
4705.788092 2.939783e-24
4716.491736 2.946832e-24
4727.219726 2.953898e-24
4737.972117 2.960982e-24
4748.748966 2.968084e-24
4759.550327 2.975204e-24
4770.376257 2.982341e-24
4781.226811 2.989497e-24
4792.102045 2.996670e-24
4803.002016 3.003862e-24
4813.926779 3.011071e-24
4824.876392 3.018299e-24
4835.850910 3.025545e-24
4846.850391 3.032809e-24
4857.874890 3.040092e-24
4868.924466 3.047392e-24
4879.999175 3.054712e-24
4891.099074 3.062049e-24
4902.224220 3.069405e-24
4913.374672 3.076779e-24
4924.550485 3.084172e-24
4935.751719 3.091584e-24
4946.978431 3.099014e-24
4958.230679 3.106463e-24
4969.508521 3.113930e-24
4980.812015 3.121417e-24
4992.141220 3.128922e-24
5003.496194 3.136446e-24
5014.876996 3.143989e-24
5026.283683 3.151551e-24
5037.716317 3.159132e-24
5049.174954 3.166731e-24
5060.659655 3.174350e-24
5072.170479 3.181989e-24
5083.707485 3.189646e-24
5095.270733 3.197323e-24
5106.860282 3.205019e-24
5118.476192 3.212734e-24
5130.118524 3.220469e-24
5141.787337 3.228223e-24
5153.482691 3.235996e-24
5165.204647 3.243789e-24
5176.953266 3.251602e-24
5188.728608 3.259434e-24
5200.530733 3.267286e-24
5212.359704 3.275158e-24
5224.215580 3.283050e-24
5236.098423 3.290961e-24
5248.008295 3.298892e-24
5259.945256 3.306843e-24
5271.909369 3.314814e-24
5283.900695 3.322806e-24
5295.919296 3.330817e-24
5307.965234 3.338848e-24
5320.038572 3.346900e-24
5332.139371 3.354972e-24
5344.267695 3.363064e-24
5356.423605 3.371176e-24
5368.607164 3.379309e-24
5380.818436 3.387462e-24
5393.057484 3.395636e-24
5405.324369 3.403830e-24
5417.619157 3.412045e-24
5429.941910 3.420280e-24
5442.292692 3.428536e-24
5454.671567 3.436813e-24
5467.078599 3.445111e-24
5479.513851 3.453430e-24
5491.977388 3.461769e-24
5504.469274 3.470129e-24
5516.989573 3.478511e-24
5529.538352 3.486913e-24
5542.115673 3.495337e-24
5554.721602 3.503781e-24
5567.356204 3.512247e-24
5580.019545 3.520735e-24
5592.711689 3.529243e-24
5605.432702 3.537773e-24
5618.182650 3.546324e-24
5630.961599 3.554897e-24
5643.769614 3.563491e-24
5656.606762 3.572107e-24
5669.473110 3.580745e-24
5682.368722 3.589404e-24
5695.293667 3.598085e-24
5708.248010 3.606788e-24
5721.231819 3.615513e-24
5734.245160 3.624259e-24
5747.288101 3.633028e-24
5760.360709 3.641818e-24
5773.463052 3.650631e-24
5786.595197 3.659466e-24
5799.757212 3.668323e-24
5812.949164 3.677202e-24
5826.171123 3.686103e-24
5839.423156 3.695027e-24
5852.705332 3.703974e-24
5866.017719 3.712942e-24
5879.360386 3.721934e-24
5892.733402 3.730948e-24
5906.136836 3.739984e-24
5919.570756 3.749043e-24
5933.035233 3.758125e-24
5946.530336 3.767230e-24
5960.056135 3.776358e-24
5973.612699 3.785508e-24
5987.200098 3.794682e-24
6000.818403 3.803878e-24
6014.467683 3.813098e-24
6028.148010 3.822341e-24
6041.859454 3.831607e-24
6055.602085 3.840896e-24
6069.375975 3.850209e-24
6083.181194 3.859545e-24
6097.017815 3.868904e-24
6110.885908 3.878287e-24
6124.785544 3.887693e-24
6138.716797 3.897123e-24
6152.679737 3.906577e-24
6166.674437 3.916055e-24
6180.700968 3.925556e-24
6194.759404 3.935081e-24
6208.849817 3.944630e-24
6222.972280 3.954204e-24
6237.126865 3.963801e-24
6251.313645 3.973422e-24
6265.532695 3.983067e-24
6279.784087 3.992737e-24
6294.067894 4.002431e-24
6308.384191 4.012149e-24
6322.733051 4.021891e-24
6337.114549 4.031659e-24
6351.528759 4.041450e-24
6365.975755 4.051266e-24
6380.455611 4.061107e-24
6394.968403 4.070973e-24
6409.514205 4.080863e-24
6424.093093 4.090778e-24
6438.705141 4.100718e-24
6453.350426 4.110683e-24
6468.029022 4.120673e-24
6482.741006 4.130688e-24
6497.486453 4.140728e-24
6512.265440 4.150794e-24
6527.078042 4.160884e-24
6541.924337 4.171000e-24
6556.804401 4.181142e-24
6571.718310 4.191308e-24
6586.666143 4.201501e-24
6601.647975 4.211719e-24
6616.663884 4.221962e-24
6631.713948 4.232232e-24
6646.798245 4.242527e-24
6661.916851 4.252848e-24
6677.069847 4.263195e-24
6692.257308 4.273567e-24
6707.479315 4.283966e-24
6722.735945 4.294391e-24
6738.027277 4.304842e-24
6753.353391 4.315320e-24
6768.714365 4.325823e-24
6784.110278 4.336353e-24
6799.541211 4.346910e-24
6815.007242 4.357493e-24
6830.508452 4.368102e-24
6846.044921 4.378738e-24
6861.616728 4.389401e-24
6877.223955 4.400091e-24
6892.866681 4.410807e-24
6908.544987 4.421550e-24
6924.258955 4.432321e-24
6940.008666 4.443118e-24
6955.794200 4.453942e-24
6971.615640 4.464794e-24
6987.473067 4.475673e-24
7003.366562 4.486579e-24
7019.296208 4.497512e-24
7035.262088 4.508473e-24
7051.264283 4.519462e-24
7067.302876 4.530478e-24
7083.377950 4.541521e-24
7099.489588 4.552593e-24
7115.637873 4.563692e-24
7131.822888 4.574819e-24
7148.044717 4.585974e-24
7164.303444 4.597157e-24
7180.599152 4.608368e-24
7196.931927 4.619607e-24
7213.301851 4.630874e-24
7229.709010 4.642170e-24
7246.153488 4.653494e-24
7262.635370 4.664846e-24
7279.154741 4.676227e-24
7295.711687 4.687636e-24
7312.306293 4.699074e-24
7328.938644 4.710541e-24
7345.608827 4.722037e-24
7362.316927 4.733561e-24
7379.063031 4.745114e-24
7395.847226 4.756696e-24
7412.669597 4.768308e-24
7429.530231 4.779948e-24
7446.429217 4.791618e-24
7463.366640 4.803317e-24
7480.342588 4.815045e-24
7497.357150 4.826803e-24
7514.410413 4.838590e-24
7531.502464 4.850407e-24
7548.633392 4.862253e-24
7565.803286 4.874129e-24
7583.012234 4.886035e-24
7600.260325 4.897971e-24
7617.547648 4.909937e-24
7634.874292 4.921933e-24
7652.240347 4.933959e-24
7669.645902 4.946015e-24
7687.091047 4.958101e-24
7704.575872 4.970218e-24
7722.100468 4.982365e-24
7739.664925 4.994542e-24
7757.269333 5.006750e-24
7774.913784 5.018989e-24
7792.598369 5.031258e-24
7810.323178 5.043559e-24
7828.088303 5.055890e-24
7845.893837 5.068252e-24
7863.739870 5.080645e-24
7881.626496 5.093069e-24
7899.553806 5.105524e-24
7917.521893 5.118010e-24
7935.530849 5.130528e-24
7953.580768 5.143077e-24
7971.671743 5.155658e-24
7989.803867 5.168270e-24
8007.977234 5.180914e-24
8026.191938 5.193590e-24
8044.448072 5.206297e-24
8062.745731 5.219037e-24
8081.085009 5.231808e-24
8099.466001 5.244611e-24
8117.888802 5.257446e-24
8136.353507 5.270314e-24
8154.860211 5.283214e-24
8173.409010 5.296146e-24
8192.000000 5.309111e-24
