1.020500 9.505969e-22
1.041000 8.736451e-22
1.061500 8.027715e-22
1.082000 7.376145e-22
1.102500 6.778241e-22
1.123000 6.230616e-22
1.143500 5.730002e-22
1.164000 4.224112e-22
1.184500 3.977662e-22
1.205000 3.749764e-22
1.225500 3.538739e-22
1.246000 3.343087e-22
1.266500 3.161461e-22
1.287000 2.992655e-22
1.307500 2.835578e-22
1.328000 2.689252e-22
1.348500 2.552790e-22
1.369000 2.425394e-22
1.389500 2.306338e-22
1.410000 2.194964e-22
1.430500 2.090677e-22
1.451000 1.992933e-22
1.471500 1.901237e-22
1.492000 1.815140e-22
1.512500 1.769525e-22
1.533000 1.692782e-22
1.553500 1.620304e-22
1.574000 1.551804e-22
1.594500 1.487014e-22
1.615000 1.425690e-22
1.635500 1.367607e-22
1.656000 1.312554e-22
1.676500 1.260341e-22
1.697000 1.210787e-22
1.717500 1.163728e-22
1.738000 1.119011e-22
1.758500 1.076494e-22
1.779000 1.036044e-22
1.799500 9.975390e-23
1.820000 9.608649e-23
1.840500 9.259154e-23
1.861000 8.925916e-23
1.881500 8.608011e-23
1.902000 8.764329e-23
1.922500 8.437273e-23
1.943000 8.125640e-23
1.963500 7.828552e-23
1.984000 7.545189e-23
2.004500 7.274784e-23
2.025000 7.016621e-23
2.045500 6.770031e-23
2.066000 6.534386e-23
2.086500 6.309100e-23
2.107000 6.093620e-23
2.127500 5.887433e-23
2.148000 5.690052e-23
2.168500 5.501023e-23
2.189000 5.319919e-23
2.209500 5.146337e-23
2.230000 4.979900e-23
2.250500 4.820252e-23
2.271000 4.667059e-23
2.291500 4.520003e-23
2.312000 4.378788e-23
2.332500 4.243133e-23
2.353000 4.112773e-23
2.373500 3.987458e-23
2.394000 3.866951e-23
2.414500 3.751030e-23
2.435000 3.639483e-23
2.455500 3.532109e-23
2.476000 3.428721e-23
2.496500 3.329139e-23
2.517000 3.370873e-23
2.537500 3.268042e-23
2.558000 3.169127e-23
2.578500 3.073950e-23
2.599000 2.982340e-23
2.619500 2.894139e-23
2.640000 2.809194e-23
2.660500 2.727360e-23
2.681000 2.648501e-23
2.701500 2.572488e-23
2.722000 2.499197e-23
2.742500 2.428512e-23
2.763000 2.360321e-23
2.783500 2.294519e-23
2.804000 2.231005e-23
2.824500 2.169684e-23
2.845000 2.110465e-23
2.865500 2.053262e-23
2.886000 1.997993e-23
2.906500 1.944578e-23
2.927000 1.892944e-23
2.947500 1.843019e-23
2.968000 1.794735e-23
2.988500 1.748028e-23
3.009000 1.702835e-23
3.029500 1.659098e-23
3.050000 1.616761e-23
3.070500 1.575769e-23
3.091000 1.536072e-23
3.111500 1.497621e-23
3.132000 1.460368e-23
3.152500 1.424268e-23
3.173000 1.389279e-23
3.193500 1.355360e-23
3.214000 1.322472e-23
3.234500 1.290576e-23
3.255000 1.259638e-23
3.275500 1.229622e-23
3.296000 1.200495e-23
3.316500 1.172226e-23
3.337000 1.144784e-23
3.357500 1.118141e-23
3.378000 1.092268e-23
3.398500 1.067139e-23
3.419000 1.042728e-23
3.439500 1.019011e-23
3.460000 9.959630e-24
3.480500 9.735623e-24
3.501000 9.624859e-24
3.521500 9.405255e-24
3.542000 9.191892e-24
3.562500 8.984557e-24
3.583000 8.783047e-24
3.603500 8.587166e-24
3.624000 8.396727e-24
3.644500 8.211549e-24
3.665000 8.031457e-24
3.685500 7.856285e-24
3.706000 7.685873e-24
3.726500 7.520065e-24
3.747000 7.358714e-24
3.767500 7.201675e-24
3.788000 7.048811e-24
3.808500 6.899989e-24
3.829000 6.755082e-24
3.849500 6.613967e-24
3.870000 6.476524e-24
3.890500 6.342640e-24
3.911000 6.212204e-24
3.931500 6.085110e-24
3.952000 5.961256e-24
3.972500 5.840543e-24
3.993000 5.722876e-24
4.013500 5.608162e-24
4.034000 5.496314e-24
4.054500 5.387246e-24
4.075000 5.280874e-24
4.095500 5.177120e-24
4.116000 5.075905e-24
4.136500 4.977157e-24
4.157000 4.880803e-24
4.177500 4.786773e-24
4.198000 4.695000e-24
4.218500 4.605421e-24
4.239000 4.517971e-24
4.259500 4.432590e-24
4.280000 4.349221e-24
4.300500 4.267806e-24
4.321000 4.188290e-24
4.341500 4.110620e-24
4.362000 4.034746e-24
4.382500 3.960616e-24
4.403000 3.888185e-24
4.423500 3.817404e-24
4.444000 3.748229e-24
4.464500 3.680617e-24
4.485000 3.614524e-24
4.505500 3.549911e-24
4.526000 3.486737e-24
4.546500 3.424965e-24
4.567000 3.364556e-24
4.587500 3.305476e-24
4.608000 3.247688e-24
4.628500 3.191160e-24
4.649000 3.135858e-24
4.669500 3.081750e-24
4.690000 3.028806e-24
4.710500 2.976996e-24
4.731000 2.926291e-24
4.751500 2.876662e-24
4.772000 2.828082e-24
4.792500 2.780524e-24
4.813000 2.733963e-24
4.833500 2.688374e-24
4.854000 2.643733e-24
4.874500 2.600016e-24
4.895000 2.557199e-24
4.915500 2.515262e-24
4.936000 2.474181e-24
4.956500 2.433937e-24
4.977000 2.394509e-24
4.997500 2.355877e-24
5.018000 2.318022e-24
5.038500 2.280925e-24
5.059000 2.244567e-24
5.079500 2.208933e-24
5.100000 2.174003e-24
5.120500 2.139761e-24
5.141000 2.106192e-24
5.161500 2.073279e-24
5.182000 2.041008e-24
5.202500 1.959224e-24
5.223000 1.931334e-24
5.243500 1.903879e-24
5.264000 1.876854e-24
5.284500 1.850257e-24
5.305000 1.824085e-24
5.325500 1.798334e-24
5.346000 1.773000e-24
5.366500 1.748082e-24
5.387000 1.723574e-24
5.407500 1.699475e-24
5.428000 1.675781e-24
5.448500 1.652488e-24
5.469000 1.629593e-24
5.489500 1.607094e-24
5.510000 1.584986e-24
5.530500 1.563266e-24
5.551000 1.541932e-24
5.571500 1.520979e-24
5.592000 1.500406e-24
5.612500 1.480207e-24
5.633000 1.460381e-24
5.653500 1.440923e-24
5.674000 1.421831e-24
5.694500 1.403101e-24
5.715000 1.384730e-24
5.735500 1.366715e-24
5.756000 1.349052e-24
5.776500 1.331739e-24
5.797000 1.314771e-24
5.817500 1.298146e-24
5.838000 1.281861e-24
5.858500 1.265911e-24
5.879000 1.250294e-24
5.899500 1.235007e-24
5.920000 1.220046e-24
5.940500 1.205407e-24
5.961000 1.191089e-24
5.981500 1.177087e-24
6.002000 1.163398e-24
6.022500 1.150019e-24
6.043000 1.136947e-24
6.063500 1.124178e-24
6.084000 1.111709e-24
6.104500 1.099537e-24
6.125000 1.087658e-24
6.145500 1.076069e-24
6.166000 1.064768e-24
6.186500 1.053750e-24
6.207000 1.043013e-24
6.227500 1.032552e-24
6.248000 1.022366e-24
6.268500 1.012450e-24
6.289000 1.002802e-24
6.309500 9.934172e-25
6.330000 9.842935e-25
6.350500 9.754274e-25
6.371000 9.668154e-25
6.391500 9.584544e-25
6.412000 9.503411e-25
6.432500 9.424722e-25
6.453000 9.348444e-25
6.473500 9.274544e-25
6.494000 9.202991e-25
6.514500 9.133751e-25
6.535000 9.066791e-25
6.555500 9.002078e-25
6.576000 8.939581e-25
6.596500 8.879265e-25
6.617000 8.821099e-25
6.637500 8.765050e-25
6.658000 8.711085e-25
6.678500 8.659171e-25
6.699000 8.609275e-25
6.719500 8.561365e-25
6.740000 8.515408e-25
6.760500 8.471372e-25
6.781000 8.429223e-25
6.801500 8.388928e-25
6.822000 8.350456e-25
6.842500 8.313773e-25
6.863000 8.278847e-25
6.883500 8.245644e-25
6.904000 8.214133e-25
6.924500 8.184280e-25
6.945000 8.156053e-25
6.965500 8.129418e-25
6.986000 8.104344e-25
7.006500 7.884773e-25
7.027000 7.879402e-25
7.047500 7.874617e-25
7.068000 7.870411e-25
7.088500 7.866776e-25
7.109000 7.863707e-25
7.129500 7.861194e-25
7.150000 7.859233e-25
7.170500 7.857815e-25
7.191000 7.856933e-25
7.211500 7.856581e-25
7.232000 7.856751e-25
7.252500 7.857436e-25
7.273000 7.858629e-25
7.293500 7.860324e-25
7.314000 7.862512e-25
7.334500 7.865187e-25
7.355000 7.868343e-25
7.375500 7.871971e-25
7.396000 7.876064e-25
7.416500 7.880617e-25
7.437000 7.885621e-25
7.457500 7.891069e-25
7.478000 7.896955e-25
7.498500 7.903271e-25
7.519000 7.910011e-25
7.539500 7.917166e-25
7.560000 7.924731e-25
7.580500 7.932698e-25
7.601000 7.941060e-25
7.621500 7.949810e-25
7.642000 7.958941e-25
7.662500 7.968445e-25
7.683000 7.978317e-25
7.703500 7.988547e-25
7.724000 7.999131e-25
7.744500 8.010060e-25
7.765000 8.021327e-25
7.785500 8.032926e-25
7.806000 8.044849e-25
7.826500 8.057090e-25
7.847000 8.069640e-25
7.867500 8.082493e-25
7.888000 8.095643e-25
7.908500 8.109081e-25
7.929000 8.122802e-25
7.949500 8.136797e-25
7.970000 8.151060e-25
7.990500 8.165583e-25
8.011000 8.180360e-25
8.031500 8.195384e-25
8.052000 8.210647e-25
8.072500 8.226142e-25
8.093000 8.241863e-25
8.113500 8.257802e-25
8.134000 8.273952e-25
8.154500 8.290306e-25
8.175000 8.306857e-25
8.195500 8.323598e-25
8.216000 8.340522e-25
8.236500 8.357622e-25
8.257000 8.374890e-25
8.277500 8.392320e-25
8.298000 8.409905e-25
8.318500 8.427637e-25
8.339000 8.445510e-25
8.359500 8.463516e-25
8.380000 8.481648e-25
8.400500 8.499899e-25
8.421000 8.518263e-25
8.441500 8.536732e-25
8.462000 8.555298e-25
8.482500 8.573956e-25
8.503000 8.593403e-25
8.523500 8.615428e-25
8.544000 8.637325e-25
8.564500 8.659096e-25
8.585000 8.680741e-25
8.605500 8.702259e-25
8.626000 8.723651e-25
8.646500 8.744917e-25
8.667000 8.766058e-25
8.687500 8.787073e-25
8.708000 8.807964e-25
8.728500 8.828730e-25
8.749000 8.849371e-25
8.769500 8.869889e-25
8.790000 8.890282e-25
8.810500 8.910552e-25
8.831000 8.930698e-25
8.851500 8.950721e-25
8.872000 8.970622e-25
8.892500 8.990400e-25
8.913000 9.010055e-25
8.933500 9.029588e-25
8.954000 9.049000e-25
8.974500 9.068290e-25
8.995000 9.087459e-25
9.000000 9.092116e-25
9.020471 9.111108e-25
9.040989 9.130022e-25
9.061553 9.148858e-25
9.082164 9.167615e-25
9.102822 9.186294e-25
9.123527 9.204893e-25
9.144279 9.223413e-25
9.165079 9.241852e-25
9.185925 9.260210e-25
9.206819 9.278487e-25
9.227761 9.296683e-25
9.248750 9.314796e-25
9.269787 9.332826e-25
9.290872 9.350774e-25
9.312005 9.368638e-25
9.333185 9.386417e-25
9.354414 9.404113e-25
9.375692 9.421723e-25
9.397017 9.439248e-25
9.418391 9.456687e-25
9.439814 9.474039e-25
9.461286 9.491305e-25
9.482806 9.508483e-25
9.504375 9.525574e-25
9.525994 9.542576e-25
9.547661 9.559490e-25
9.569378 9.576314e-25
9.591144 9.593049e-25
9.612960 9.609693e-25
9.634825 9.626247e-25
9.656741 9.642710e-25
9.678705 9.659081e-25
9.700720 9.675361e-25
9.722785 9.691547e-25
9.744900 9.707641e-25
9.767066 9.723642e-25
9.789282 9.739548e-25
9.811548 9.755360e-25
9.833865 9.771078e-25
9.856233 9.786700e-25
9.878652 9.802226e-25
9.901121 9.817656e-25
9.923642 9.832989e-25
9.946214 9.848225e-25
9.968838 9.863364e-25
9.991512 9.878404e-25
10.014239 9.893346e-25
10.037017 9.908189e-25
10.059847 9.922932e-25
10.082729 9.937575e-25
10.105662 9.952118e-25
10.128649 9.966559e-25
10.151687 9.980900e-25
10.174778 9.995138e-25
10.197921 1.000927e-24
10.221117 1.002331e-24
10.244365 1.003724e-24
10.267667 1.005106e-24
10.291021 1.006479e-24
10.314429 1.007840e-24
10.337890 1.009192e-24
10.361404 1.010532e-24
10.384972 1.011862e-24
10.408593 1.013182e-24
10.432268 1.014491e-24
10.455997 1.015789e-24
10.479780 1.017076e-24
10.503617 1.018352e-24
10.527508 1.019618e-24
10.551454 1.020872e-24
10.575454 1.022116e-24
10.599509 1.023348e-24
10.623618 1.024570e-24
10.647782 1.025780e-24
10.672001 1.026980e-24
10.696275 1.028168e-24
10.720605 1.029344e-24
10.744990 1.030510e-24
10.769430 1.031664e-24
10.793926 1.032807e-24
10.818477 1.033938e-24
10.843085 1.035058e-24
10.867748 1.036167e-24
10.892467 1.037264e-24
10.917243 1.038349e-24
10.942075 1.039423e-24
10.966964 1.040485e-24
10.991909 1.041535e-24
11.016911 1.042573e-24
11.041969 1.043600e-24
11.067085 1.044615e-24
11.092258 1.045618e-24
11.117488 1.046609e-24
11.142775 1.047587e-24
11.168120 1.048554e-24
11.193523 1.049509e-24
11.218984 1.050452e-24
11.244502 1.051383e-24
11.270078 1.052301e-24
11.295713 1.053207e-24
11.321406 1.054101e-24
11.347157 1.054983e-24
11.372967 1.055852e-24
11.398836 1.056709e-24
11.424763 1.057553e-24
11.450750 1.058385e-24
11.476795 1.059204e-24
11.502900 1.060011e-24
11.529064 1.060805e-24
11.555288 1.061587e-24
11.581571 1.062356e-24
11.607914 1.063112e-24
11.634317 1.063855e-24
11.660780 1.064586e-24
11.687303 1.065304e-24
11.713887 1.066008e-24
11.740531 1.066700e-24
11.767236 1.067379e-24
11.794001 1.068045e-24
11.820827 1.068698e-24
11.847715 1.069338e-24
11.874663 1.069965e-24
11.901673 1.070579e-24
11.928744 1.071180e-24
11.955877 1.071767e-24
11.983071 1.072341e-24
12.010328 1.072902e-24
12.037646 1.073450e-24
12.065026 1.073984e-24
12.092469 1.074505e-24
12.119974 1.075012e-24
12.147542 1.075506e-24
12.175173 1.075987e-24
12.202866 1.076454e-24
12.230622 1.076907e-24
12.258441 1.077347e-24
12.286324 1.077773e-24
12.314270 1.078186e-24
12.342280 1.078585e-24
12.370353 1.078971e-24
12.398491 1.079342e-24
12.426692 1.079700e-24
12.454957 1.080044e-24
12.483287 1.080374e-24
12.511681 1.080691e-24
12.540140 1.080994e-24
12.568663 1.081282e-24
12.597251 1.081557e-24
12.625905 1.081818e-24
12.654623 1.082065e-24
12.683407 1.082298e-24
12.712256 1.082517e-24
12.741171 1.082721e-24
12.770152 1.082912e-24
12.799198 1.083089e-24
12.828311 1.083251e-24
12.857490 1.083400e-24
12.886735 1.083534e-24
12.916047 1.083654e-24
12.945426 1.083760e-24
12.974871 1.083852e-24
13.004383 1.083929e-24
13.033962 1.083993e-24
13.063609 1.084042e-24
13.093323 1.084076e-24
13.123105 1.084096e-24
13.152954 1.084102e-24
13.182872 1.084094e-24
13.212857 1.084071e-24
13.242911 1.084034e-24
13.273032 1.083983e-24
13.303223 1.083917e-24
13.333482 1.083837e-24
13.363810 1.083742e-24
13.394207 1.083633e-24
13.424673 1.083509e-24
13.455208 1.083371e-24
13.485813 1.083218e-24
13.516487 1.083051e-24
13.547232 1.082870e-24
13.578046 1.082674e-24
13.608930 1.082463e-24
13.639884 1.082238e-24
13.670909 1.081999e-24
13.702005 1.081744e-24
13.733171 1.081476e-24
13.764408 1.081193e-24
13.795716 1.080895e-24
13.827095 1.080583e-24
13.858546 1.080256e-24
13.890068 1.079915e-24
13.921662 1.079559e-24
13.953328 1.079188e-24
13.985066 1.078803e-24
14.016876 1.078404e-24
14.048758 1.077990e-24
14.080713 1.077561e-24
14.112741 1.077118e-24
14.144841 1.076661e-24
14.177015 1.076189e-24
14.209261 1.075702e-24
14.241581 1.075201e-24
14.273975 1.074686e-24
14.306442 1.074156e-24
14.338983 1.073611e-24
14.371598 1.073052e-24
14.404287 1.072479e-24
14.437051 1.071891e-24
14.469889 1.071289e-24
14.502801 1.070673e-24
14.535789 1.070042e-24
14.568852 1.069397e-24
14.601990 1.068737e-24
14.635203 1.068063e-24
14.668492 1.067375e-24
14.701856 1.066673e-24
14.735297 1.065956e-24
14.768813 1.065225e-24
14.802406 1.064480e-24
14.836075 1.063721e-24
14.869820 1.062948e-24
14.903643 1.062160e-24
14.937542 1.061359e-24
14.971519 1.060543e-24
15.005573 1.059713e-24
15.039704 1.058870e-24
15.073913 1.058012e-24
15.108199 1.057141e-24
15.142564 1.056256e-24
15.177007 1.055357e-24
15.211528 1.054444e-24
15.246128 1.053517e-24
15.280806 1.052577e-24
15.315563 1.051623e-24
15.350400 1.050655e-24
15.385315 1.049674e-24
15.420310 1.048680e-24
15.455385 1.047672e-24
15.490539 1.046650e-24
15.525773 1.045615e-24
15.561088 1.044567e-24
15.596483 1.043506e-24
15.631958 1.042431e-24
15.667514 1.041343e-24
15.703151 1.040242e-24
15.738869 1.039128e-24
15.774668 1.038002e-24
15.810548 1.036862e-24
15.846511 1.035709e-24
15.882555 1.034544e-24
15.918681 1.033366e-24
15.954889 1.032175e-24
15.991179 1.030972e-24
16.027552 1.029757e-24
16.064008 1.028529e-24
16.100547 1.027288e-24
16.137169 1.026036e-24
16.173874 1.024771e-24
16.210662 1.023494e-24
16.247535 1.022205e-24
16.284491 1.020904e-24
16.321531 1.019592e-24
16.358655 1.018268e-24
16.395864 1.016932e-24
16.433158 1.015584e-24
16.470536 1.014225e-24
16.508000 1.012855e-24
16.545548 1.011473e-24
16.583182 1.010080e-24
16.620902 1.008677e-24
16.658707 1.007262e-24
16.696599 1.005836e-24
16.734576 1.004400e-24
16.772640 1.002953e-24
16.810791 1.001495e-24
16.849028 1.000027e-24
16.887352 9.985490e-25
16.925764 9.970605e-25
16.964263 9.955620e-25
17.002849 9.940536e-25
17.041523 9.925354e-25
17.080285 9.910074e-25
17.119136 9.894700e-25
17.158074 9.879231e-25
17.197101 9.863669e-25
17.236217 9.848015e-25
17.275422 9.832271e-25
17.314717 9.816439e-25
17.354100 9.800519e-25
17.393573 9.784513e-25
17.433136 9.768423e-25
17.472789 9.752249e-25
17.512532 9.735995e-25
17.552366 9.719660e-25
17.592290 9.703247e-25
17.632305 9.686757e-25
17.672410 9.670192e-25
17.712608 9.653554e-25
17.752896 9.636844e-25
17.793276 9.620063e-25
17.833748 9.603214e-25
17.874313 9.586299e-25
17.914969 9.569318e-25
17.955718 9.552275e-25
17.996559 9.535170e-25
18.037494 9.463060e-25
18.078521 9.449179e-25
18.119642 9.435009e-25
18.160856 9.420554e-25
18.202165 9.405819e-25
18.243567 9.390808e-25
18.285063 9.375526e-25
18.326654 9.359977e-25
18.368339 9.344168e-25
18.410119 9.328101e-25
18.451994 9.311783e-25
18.493964 9.295218e-25
18.536030 9.278411e-25
18.578192 9.261366e-25
18.620449 9.244090e-25
18.662803 9.226586e-25
18.705252 9.208860e-25
18.747799 9.190917e-25
18.790442 9.172762e-25
18.833182 9.154400e-25
18.876020 9.135837e-25
18.918954 9.117077e-25
18.961987 9.098126e-25
19.005117 9.078989e-25
19.048346 9.059671e-25
19.091673 9.040178e-25
19.135098 9.020516e-25
19.178622 9.000688e-25
19.222245 8.980702e-25
19.265967 8.960562e-25
19.309789 8.940274e-25
19.353711 8.919844e-25
19.397732 8.899276e-25
19.441854 8.878577e-25
19.486075 8.857753e-25
19.530398 8.836808e-25
19.574821 8.815749e-25
19.619345 8.794580e-25
19.663971 8.773309e-25
19.708698 8.751941e-25
19.753527 8.730481e-25
19.798458 8.708936e-25
19.843491 8.687311e-25
19.888626 8.665611e-25
19.933864 8.643844e-25
19.979205 8.622014e-25
20.024649 8.600129e-25
20.070197 8.578193e-25
20.115848 8.556212e-25
20.161603 8.534193e-25
20.207462 8.512142e-25
20.253425 8.490065e-25
20.299493 8.467968e-25
20.345665 8.445856e-25
20.391943 8.423737e-25
20.438326 8.401616e-25
20.484814 8.379498e-25
20.531408 8.357392e-25
20.578108 8.335302e-25
20.624915 8.313234e-25
20.671828 8.291196e-25
20.718847 8.269192e-25
20.765974 8.247230e-25
20.813207 8.225316e-25
20.860548 8.203456e-25
20.907997 8.181655e-25
20.955554 8.159921e-25
21.003219 8.138260e-25
21.050992 8.116677e-25
21.098874 8.095180e-25
21.146865 8.073774e-25
21.194965 8.052467e-25
21.243174 8.031263e-25
21.291493 8.010169e-25
21.339922 7.989192e-25
21.388461 7.968339e-25
21.437111 7.947614e-25
21.485871 7.927025e-25
21.534742 7.949966e-25
21.583725 7.925173e-25
21.632818 7.900792e-25
21.682024 7.876825e-25
21.731341 7.853271e-25
21.780770 7.830132e-25
21.830312 7.807408e-25
21.879967 7.785100e-25
21.929734 7.763210e-25
21.979615 7.741737e-25
22.029609 7.720683e-25
22.079717 7.700048e-25
22.129939 7.679832e-25
22.180275 7.660037e-25
22.230726 7.640663e-25
22.281291 7.621711e-25
22.331971 7.603180e-25
22.382767 7.585073e-25
22.433678 7.567390e-25
22.484705 7.550130e-25
22.535848 7.533295e-25
22.587108 7.516885e-25
22.638483 7.500901e-25
22.689976 7.485343e-25
22.741586 7.470211e-25
22.793314 7.455506e-25
22.845159 7.441229e-25
22.897121 7.427380e-25
22.949203 7.413959e-25
23.001402 7.400966e-25
23.053720 7.388402e-25
23.106158 7.376268e-25
23.158714 7.364563e-25
23.211390 7.353289e-25
23.264186 7.342444e-25
23.317102 7.332029e-25
23.370139 7.322046e-25
23.423296 7.312493e-25
23.476574 7.303371e-25
23.529973 7.294680e-25
23.583493 7.286420e-25
23.637136 7.278592e-25
23.690900 7.271196e-25
23.744787 7.264230e-25
23.798796 7.257697e-25
23.852928 7.251594e-25
23.907183 7.245924e-25
23.961561 7.240685e-25
24.016064 7.235877e-25
24.070690 7.231501e-25
24.125440 7.227555e-25
24.180315 7.224041e-25
24.235315 7.220958e-25
24.290440 7.218306e-25
24.345690 7.216084e-25
24.401066 7.214292e-25
24.456568 7.212930e-25
24.512196 7.211998e-25
24.567951 7.211495e-25
24.623833 7.211421e-25
24.679841 7.211775e-25
24.735977 7.212558e-25
24.792241 7.213768e-25
24.848633 7.215406e-25
24.905153 7.217470e-25
24.961801 7.219960e-25
25.018579 7.222875e-25
25.075485 7.226215e-25
25.132521 7.229980e-25
25.189687 7.234168e-25
25.246982 7.238779e-25
25.304408 7.243812e-25
25.361965 7.249266e-25
25.419653 7.255141e-25
25.477471 7.261435e-25
25.535422 7.268148e-25
25.593504 7.275279e-25
25.651718 7.282827e-25
25.710065 7.290790e-25
25.768544 7.299169e-25
25.827156 7.307961e-25
25.885902 7.317166e-25
25.944781 7.326782e-25
26.003794 7.336808e-25
26.062942 7.347244e-25
26.122224 7.358087e-25
26.181641 7.369337e-25
26.241193 7.380992e-25
26.300880 7.393051e-25
26.360703 7.405512e-25
26.420663 7.418375e-25
26.480758 7.431636e-25
26.540991 7.445295e-25
26.601360 7.459351e-25
26.661867 7.473801e-25
26.722511 7.488644e-25
26.783293 7.503879e-25
26.844213 7.519502e-25
26.905273 7.535514e-25
26.966470 7.551911e-25
27.027808 7.568691e-25
27.089284 7.585854e-25
27.150901 7.603397e-25
27.212657 7.621317e-25
27.274554 7.639613e-25
27.336592 7.658283e-25
27.398771 7.677324e-25
27.461092 7.696734e-25
27.523554 7.716511e-25
27.586158 7.736652e-25
27.648905 7.757156e-25
27.711794 7.778019e-25
27.774827 7.799239e-25
27.838002 7.820814e-25
27.901322 7.842740e-25
27.964785 7.865016e-25
28.028393 7.887638e-25
28.092146 7.910604e-25
28.156043 7.933911e-25
28.220086 7.957556e-25
28.284275 7.981536e-25
28.348609 8.005849e-25
28.413090 8.030490e-25
28.477718 8.055457e-25
28.542492 8.080746e-25
28.607414 8.106355e-25
28.672484 8.132280e-25
28.737701 8.158518e-25
28.803067 8.185065e-25
28.868582 8.211918e-25
28.934245 8.239074e-25
29.000058 8.266527e-25
29.066021 8.294276e-25
29.132134 8.322316e-25
29.198397 8.350644e-25
29.264811 8.379255e-25
29.331375 8.396483e-25
29.398092 8.433995e-25
29.464960 8.470790e-25
29.531980 8.506870e-25
29.599152 8.542236e-25
29.666478 8.576886e-25
29.733956 8.610822e-25
29.801588 8.644045e-25
29.869374 8.676556e-25
29.937314 8.708354e-25
30.005408 8.739441e-25
30.073658 8.769817e-25
30.142062 8.799483e-25
30.210623 8.828441e-25
30.279339 8.856691e-25
30.348211 8.884234e-25
30.417240 8.911071e-25
30.486427 8.937204e-25
30.555770 8.962633e-25
30.625271 8.987360e-25
30.694931 9.011387e-25
30.764748 9.034714e-25
30.834725 9.057343e-25
30.904861 9.079275e-25
30.975156 9.100512e-25
31.045611 9.121056e-25
31.116226 9.140909e-25
31.187003 9.160071e-25
31.257940 9.178545e-25
31.329038 9.196333e-25
31.400298 9.213437e-25
31.471720 9.229858e-25
31.543305 9.245599e-25
31.615052 9.260662e-25
31.686963 9.275049e-25
31.759037 9.288763e-25
31.831275 9.301805e-25
31.903678 9.314178e-25
31.976245 9.325885e-25
32.048977 9.336929e-25
32.121875 9.347311e-25
32.194938 9.357035e-25
32.268168 9.366103e-25
32.341564 9.374519e-25
32.415127 9.382284e-25
32.488858 9.389403e-25
32.562756 9.395879e-25
32.636822 9.401714e-25
32.711057 9.406911e-25
32.785460 9.411475e-25
32.860033 9.415409e-25
32.934776 9.418715e-25
33.009688 9.421399e-25
33.084771 9.423462e-25
33.160024 9.424910e-25
33.235449 9.425746e-25
33.311046 9.425974e-25
33.386814 9.425598e-25
33.462755 9.424622e-25
33.538868 9.423050e-25
33.615154 9.420887e-25
33.691614 9.418137e-25
33.768248 9.414805e-25
33.845057 9.410895e-25
33.922040 9.406411e-25
33.999198 9.401359e-25
34.076531 9.395744e-25
34.154041 9.389570e-25
34.231726 9.382843e-25
34.309589 9.375567e-25
34.387628 9.367748e-25
34.465845 9.359392e-25
34.544240 9.350504e-25
34.622814 9.341089e-25
34.701566 9.331153e-25
34.780497 9.320702e-25
34.859608 9.309742e-25
34.938898 9.298279e-25
35.018369 9.286319e-25
35.098021 9.273868e-25
35.177854 9.260933e-25
35.257868 9.247520e-25
35.338065 9.233636e-25
35.418444 9.219287e-25
35.499005 9.204481e-25
35.579750 9.189223e-25
35.660679 9.173522e-25
35.741792 9.157384e-25
35.823089 9.140817e-25
35.904571 9.123828e-25
35.986238 9.106425e-25
36.068092 9.088615e-25
36.150131 9.070406e-25
36.232357 9.051807e-25
36.314770 9.032825e-25
36.397370 9.013468e-25
36.480159 8.993744e-25
36.563136 8.973663e-25
36.646301 8.953233e-25
36.729655 8.932463e-25
36.813200 8.911360e-25
36.896934 8.889935e-25
36.980858 8.868197e-25
37.064974 8.846155e-25
37.149281 8.823817e-25
37.233780 8.801195e-25
37.318470 8.778297e-25
37.403354 8.755134e-25
37.488430 8.731715e-25
37.573700 8.713599e-25
37.659164 8.690111e-25
37.744823 8.666616e-25
37.830676 8.643114e-25
37.916725 8.619607e-25
38.002969 8.596095e-25
38.089409 8.572579e-25
38.176046 8.549060e-25
38.262880 8.525537e-25
38.349912 8.502013e-25
38.437141 8.478487e-25
38.524569 8.454960e-25
38.612196 8.431434e-25
38.700022 8.407908e-25
38.788048 8.384385e-25
38.876274 8.360863e-25
38.964701 8.337345e-25
39.053329 8.313831e-25
39.142159 8.290322e-25
39.231190 8.266818e-25
39.320424 8.243321e-25
39.409861 8.219831e-25
39.499502 8.196349e-25
39.589346 8.172877e-25
39.679395 8.149414e-25
39.769649 8.125962e-25
39.860107 8.102521e-25
39.950772 8.079093e-25
40.041643 8.055678e-25
40.132720 8.032278e-25
40.224005 8.008893e-25
40.315497 7.985523e-25
40.407198 7.962171e-25
40.499107 7.938837e-25
40.591225 7.915522e-25
40.683552 7.892227e-25
40.776090 7.868953e-25
40.868838 7.845701e-25
40.961797 7.822471e-25
41.054967 7.799266e-25
41.148350 7.776085e-25
41.241945 7.752931e-25
41.335752 7.729803e-25
41.429773 7.706704e-25
41.524008 7.683634e-25
41.618458 7.660594e-25
41.713122 7.637585e-25
41.808001 7.614609e-25
41.903096 7.591666e-25
41.998408 7.568758e-25
42.093936 7.545886e-25
42.189682 7.523050e-25
42.285645 7.500253e-25
42.381827 7.477495e-25
42.478227 7.454777e-25
42.574847 7.432102e-25
42.671686 7.409469e-25
42.768746 7.386880e-25
42.866027 7.364336e-25
42.963528 7.341839e-25
43.061252 7.319390e-25
43.159198 7.296990e-25
43.257366 7.274640e-25
43.355758 7.252342e-25
43.454374 7.230097e-25
43.553214 7.207906e-25
43.652279 7.185771e-25
43.751569 7.163693e-25
43.851085 7.141673e-25
43.950827 7.119713e-25
44.050796 7.097815e-25
44.150993 7.075979e-25
44.251418 7.054206e-25
44.352071 7.032500e-25
44.452952 7.010860e-25
44.554064 6.989288e-25
44.655405 6.967787e-25
44.756977 6.946356e-25
44.858780 6.924999e-25
44.960814 6.903716e-25
45.063081 6.882509e-25
45.165580 6.861379e-25
45.268312 6.840328e-25
45.371278 6.819358e-25
45.474478 6.798470e-25
45.577913 6.777666e-25
45.681583 6.756948e-25
45.785489 6.736316e-25
45.889631 6.715774e-25
45.994011 6.695321e-25
46.098627 6.674961e-25
46.203482 6.654695e-25
46.308575 6.634525e-25
46.413907 6.614452e-25
46.519479 6.594478e-25
46.625290 6.574605e-25
46.731343 6.554835e-25
46.837637 6.535169e-25
46.944172 6.515610e-25
47.050950 6.496159e-25
47.157971 6.476818e-25
47.265235 6.457589e-25
47.372743 6.438474e-25
47.480495 6.419475e-25
47.588493 6.400594e-25
47.696736 6.381832e-25
47.805226 6.363192e-25
47.913962 6.344676e-25
48.022946 6.326286e-25
48.132177 6.308024e-25
48.241657 6.289891e-25
48.351386 6.271890e-25
48.461365 6.254024e-25
48.571594 6.236293e-25
48.682073 6.218701e-25
48.792804 6.201249e-25
48.903787 6.183940e-25
49.015022 6.166776e-25
49.126510 6.149759e-25
49.238252 6.132891e-25
49.350247 6.116174e-25
49.462498 6.099612e-25
49.575004 6.083206e-25
49.687766 6.066958e-25
49.800784 6.050871e-25
49.914059 6.034947e-25
50.027592 6.019189e-25
50.141384 6.003599e-25
50.255434 5.988179e-25
50.369743 5.972932e-25
50.484313 5.957861e-25
50.599143 5.936502e-25
50.714234 5.923579e-25
50.829587 5.910701e-25
50.945203 5.897869e-25
51.061081 5.885084e-25
51.177223 5.872345e-25
51.293629 5.859652e-25
51.410300 5.847007e-25
51.527236 5.834408e-25
51.644439 5.821855e-25
51.761908 5.809351e-25
51.879644 5.796893e-25
51.997648 5.784483e-25
52.115920 5.772120e-25
52.234461 5.759806e-25
52.353272 5.747539e-25
52.472353 5.735320e-25
52.591705 5.723150e-25
52.711329 5.711027e-25
52.831224 5.698954e-25
52.951393 5.686929e-25
53.071834 5.674953e-25
53.192550 5.663026e-25
53.313540 5.651148e-25
53.434805 5.639319e-25
53.556347 5.627540e-25
53.678164 5.615810e-25
53.800259 5.604130e-25
53.922632 5.592499e-25
54.045282 5.580919e-25
54.168212 5.569388e-25
54.291421 5.557908e-25
54.414911 5.546478e-25
54.538682 5.535098e-25
54.662734 5.523769e-25
54.787068 5.512491e-25
54.911685 5.501263e-25
55.036585 5.490087e-25
55.161770 5.478961e-25
55.287239 5.467886e-25
55.412994 5.456863e-25
55.539035 5.445891e-25
55.665362 5.434970e-25
55.791977 5.424101e-25
55.918880 5.413283e-25
56.046071 5.402518e-25
56.173552 5.391804e-25
56.301322 5.381142e-25
56.429384 5.370531e-25
56.557736 5.359973e-25
56.686381 5.349468e-25
56.815318 5.339014e-25
56.944548 5.328613e-25
57.074073 5.318264e-25
57.203892 5.307967e-25
57.334006 5.297724e-25
57.464416 5.287532e-25
57.595123 5.277394e-25
57.726127 5.267308e-25
57.857429 5.257275e-25
57.989030 5.247295e-25
58.120930 5.237368e-25
58.253130 5.227493e-25
58.385631 5.217672e-25
58.518433 5.207904e-25
58.651537 5.198189e-25
58.784944 5.188527e-25
58.918655 5.178918e-25
59.052669 5.169362e-25
59.186989 5.159860e-25
59.321614 5.150410e-25
59.456545 5.141015e-25
59.591783 5.131672e-25
59.727329 5.122383e-25
59.863183 5.113147e-25
59.999346 5.103964e-25
60.135818 5.094835e-25
60.272601 5.085759e-25
60.409696 5.076736e-25
60.547102 5.067767e-25
60.684820 5.058851e-25
60.822852 5.049988e-25
60.961198 5.041178e-25
61.099858 5.032422e-25
61.238834 5.023719e-25
61.378126 5.015069e-25
61.517735 5.006473e-25
61.657662 4.997929e-25
61.797906 4.989439e-25
61.938470 4.981001e-25
62.079353 4.972617e-25
62.220557 4.964285e-25
62.362082 4.956007e-25
62.503929 4.947781e-25
62.646099 4.939608e-25
62.788592 4.931487e-25
62.931409 4.923420e-25
63.074550 4.915404e-25
63.218018 4.907441e-25
63.361812 4.899531e-25
63.505933 4.891672e-25
63.650381 4.883866e-25
63.795158 4.876112e-25
63.940265 4.868410e-25
64.085702 4.860759e-25
64.231469 4.853160e-25
64.377568 4.845613e-25
64.523999 4.838117e-25
64.670764 4.830672e-25
64.817862 4.823279e-25
64.965295 4.815936e-25
65.113063 4.808644e-25
65.261167 4.801403e-25
65.409608 4.794213e-25
65.558387 4.787073e-25
65.707504 4.779982e-25
65.856960 4.772942e-25
66.006756 4.765952e-25
66.156893 4.759011e-25
66.307372 4.752120e-25
66.458193 4.745278e-25
66.609356 4.738485e-25
66.760864 4.731740e-25
66.912716 4.725044e-25
67.064914 4.718397e-25
67.217458 4.711797e-25
67.370348 4.705245e-25
67.523587 4.698741e-25
67.677174 4.692285e-25
67.831111 4.685875e-25
67.985397 4.679512e-25
68.140035 4.673195e-25
68.295024 4.666925e-25
68.450366 4.660701e-25
68.606061 4.654522e-25
68.762110 4.648388e-25
68.918514 4.642300e-25
69.075274 4.636256e-25
69.232391 4.630257e-25
69.389865 4.624302e-25
69.547697 4.618390e-25
69.705888 4.612522e-25
69.864439 4.606696e-25
70.023351 4.600914e-25
70.182624 4.595173e-25
70.342259 4.589475e-25
70.502257 4.583818e-25
70.662619 4.578202e-25
70.823347 4.572626e-25
70.984439 4.567091e-25
71.145898 4.561596e-25
71.307725 4.556140e-25
71.469919 4.550723e-25
71.632482 4.545345e-25
71.795415 4.540004e-25
71.958719 4.534702e-25
72.122394 4.529436e-25
72.286442 4.524207e-25
72.450862 4.519014e-25
72.615657 4.513857e-25
72.780826 4.508735e-25
72.946371 4.503648e-25
73.112293 4.498594e-25
73.278592 4.493575e-25
73.445269 4.488588e-25
73.612325 4.483633e-25
73.779762 4.478711e-25
73.947579 4.473820e-25
74.115778 4.468959e-25
74.284360 4.464129e-25
74.453324 4.459328e-25
74.622674 4.454556e-25
74.792408 4.449812e-25
74.962529 4.445096e-25
75.133036 4.440407e-25
75.303932 4.435744e-25
75.475216 4.431107e-25
75.646889 4.426495e-25
75.818953 4.421907e-25
75.991409 4.417342e-25
76.164257 4.412800e-25
76.337498 4.408281e-25
76.511133 4.403782e-25
76.685163 4.399305e-25
76.859588 4.394847e-25
77.034411 4.390408e-25
77.209631 4.385988e-25
77.385250 4.381585e-25
77.561268 4.377198e-25
77.737686 4.372828e-25
77.914506 4.368472e-25
78.091728 4.364131e-25
78.269353 4.359803e-25
78.447382 4.355487e-25
78.625816 4.351183e-25
78.804656 4.346889e-25
78.983903 4.342606e-25
79.163557 4.338330e-25
79.343620 4.334063e-25
79.524093 4.328645e-25
79.704976 4.324263e-25
79.886271 4.319894e-25
80.067978 4.315539e-25
80.250098 4.311197e-25
80.432632 4.306869e-25
80.615582 4.302555e-25
80.798948 4.298254e-25
80.982730 4.293968e-25
81.166931 4.289694e-25
81.351551 4.285434e-25
81.536591 4.281188e-25
81.722052 4.276955e-25
81.907934 4.272736e-25
82.094239 4.268530e-25
82.280969 4.264337e-25
82.468122 4.260158e-25
82.655702 4.255992e-25
82.843708 4.251840e-25
83.032142 4.247701e-25
83.221004 4.243575e-25
83.410296 4.239462e-25
83.600019 4.235363e-25
83.790173 4.231276e-25
83.980759 4.227203e-25
84.171780 4.223144e-25
84.363234 4.219097e-25
84.555124 4.215063e-25
84.747451 4.211043e-25
84.940215 4.207035e-25
85.133417 4.203041e-25
85.327059 4.199059e-25
85.521141 4.195090e-25
85.715665 4.191135e-25
85.910632 4.187192e-25
86.106041 4.183262e-25
86.301895 4.179345e-25
86.498195 4.175441e-25
86.694941 4.171549e-25
86.892135 4.167670e-25
87.089777 4.163804e-25
87.287869 4.159951e-25
87.486411 4.156110e-25
87.685405 4.152282e-25
87.884852 4.148466e-25
88.084752 4.144663e-25
88.285107 4.140873e-25
88.485918 4.137095e-25
88.687185 4.133329e-25
88.888910 4.129576e-25
89.091094 4.125835e-25
89.293738 4.122107e-25
89.496843 4.118391e-25
89.700410 4.114687e-25
89.904440 4.110996e-25
90.108934 4.107317e-25
90.313893 4.103650e-25
90.519318 4.099995e-25
90.725211 4.096352e-25
90.931571 4.092722e-25
91.138402 4.089103e-25
91.345702 4.085497e-25
91.553474 4.081903e-25
91.761719 4.078320e-25
91.970438 4.074750e-25
92.179631 4.071191e-25
92.389300 4.067644e-25
92.599446 4.064110e-25
92.810070 4.060587e-25
93.021173 4.057075e-25
93.232756 4.053576e-25
93.444820 4.050088e-25
93.657367 4.046612e-25
93.870397 4.043147e-25
94.083912 4.039695e-25
94.297912 4.036253e-25
94.512400 4.032824e-25
94.727375 4.029405e-25
94.942839 4.025999e-25
95.158793 4.022603e-25
95.375238 4.019219e-25
95.592176 4.015847e-25
95.809607 4.012486e-25
96.027532 4.009136e-25
96.245954 4.005797e-25
96.464872 4.002470e-25
96.684288 3.999154e-25
96.904203 3.995849e-25
97.124619 3.992555e-25
97.345535 3.989273e-25
97.566955 3.986001e-25
97.788877 3.982740e-25
98.011305 3.979491e-25
98.234239 3.976252e-25
98.457679 3.973025e-25
98.681628 3.969808e-25
98.906086 3.966602e-25
99.131055 3.963407e-25
99.356536 3.960223e-25
99.582529 3.957050e-25
99.809036 3.953887e-25
100.036059 3.950736e-25
100.263598 3.947594e-25
100.491655 3.944464e-25
100.720230 3.941344e-25
100.949325 3.938235e-25
101.178941 3.935136e-25
101.409080 3.932048e-25
101.639742 3.928970e-25
101.870929 3.925903e-25
102.102641 3.922846e-25
102.334881 3.919800e-25
102.567649 3.916764e-25
102.800946 3.913738e-25
103.034774 3.910723e-25
103.269134 3.907718e-25
103.504026 3.904723e-25
103.739454 3.901739e-25
103.975416 3.898764e-25
104.211916 3.895800e-25
104.448953 3.892846e-25
104.686529 3.889902e-25
104.924646 3.886969e-25
105.163305 3.884045e-25
105.402506 3.881131e-25
105.642251 3.878227e-25
105.882542 3.875333e-25
106.123379 3.872450e-25
106.364764 3.869576e-25
106.606698 3.866712e-25
106.849183 3.863858e-25
107.092219 3.861013e-25
107.335807 3.858179e-25
107.579950 3.855354e-25
107.824648 3.852539e-25
108.069903 3.849734e-25
108.315715 3.846938e-25
108.562087 3.844152e-25
108.809019 3.841376e-25
109.056513 3.838610e-25
109.304570 3.835853e-25
109.553190 3.827705e-25
109.802377 3.824952e-25
110.052130 3.822205e-25
110.302451 3.819463e-25
110.553342 3.816726e-25
110.804803 3.813995e-25
111.056836 3.811270e-25
111.309443 3.808550e-25
111.562624 3.805836e-25
111.816381 3.803127e-25
112.070715 3.800424e-25
112.325628 3.797726e-25
112.581120 3.795035e-25
112.837194 3.792349e-25
113.093850 3.789669e-25
113.351090 3.786994e-25
113.608915 3.784326e-25
113.867326 3.781663e-25
114.126325 3.779007e-25
114.385914 3.776356e-25
114.646092 3.773711e-25
114.906863 3.771073e-25
115.168227 3.768440e-25
115.430185 3.765814e-25
115.692739 3.763193e-25
115.955890 3.760579e-25
116.219640 3.757971e-25
116.483990 3.755369e-25
116.748941 3.752774e-25
117.014494 3.750184e-25
117.280652 3.747601e-25
117.547415 3.745025e-25
117.814785 3.742454e-25
118.082763 3.739891e-25
118.351350 3.737333e-25
118.620548 3.734782e-25
118.890359 3.732238e-25
119.160784 3.729700e-25
119.431823 3.727169e-25
119.703479 3.724644e-25
119.975753 3.722126e-25
120.248646 3.719615e-25
120.522160 3.717110e-25
120.796296 3.714612e-25
121.071056 3.712121e-25
121.346441 3.709636e-25
121.622451 3.707159e-25
121.899090 3.704688e-25
122.176358 3.702224e-25
122.454257 3.699767e-25
122.732788 3.697317e-25
123.011952 3.694874e-25
123.291751 3.692438e-25
123.572187 3.690009e-25
123.853261 3.687587e-25
124.134973 3.685173e-25
124.417327 3.682765e-25
124.700323 3.680364e-25
124.983963 3.677971e-25
125.268247 3.675585e-25
125.553179 3.673206e-25
125.838758 3.670834e-25
126.124987 3.668470e-25
126.411867 3.666112e-25
126.699400 3.663763e-25
126.987587 3.661420e-25
127.276429 3.659085e-25
127.565928 3.656758e-25
127.856085 3.654438e-25
128.146903 3.652125e-25
128.438382 3.649820e-25
128.730524 3.647522e-25
129.023331 3.645232e-25
129.316803 3.642949e-25
129.610943 3.640675e-25
129.905753 3.638407e-25
130.201232 3.636148e-25
130.497384 3.633896e-25
130.794209 3.631651e-25
131.091710 3.629415e-25
131.389887 3.627186e-25
131.688743 3.624965e-25
131.988278 3.622752e-25
132.288495 3.620546e-25
132.589394 3.618349e-25
132.890978 3.616159e-25
133.193248 3.613977e-25
133.496205 3.611803e-25
133.799851 3.609637e-25
134.104189 3.607479e-25
134.409218 3.605329e-25
134.714941 3.603187e-25
135.021360 3.601053e-25
135.328475 3.598927e-25
135.636289 3.596809e-25
135.944803 3.594699e-25
136.254019 3.592597e-25
136.563939 3.590503e-25
136.874563 3.588417e-25
137.185894 3.586340e-25
137.497932 3.584270e-25
137.810681 3.582209e-25
138.124141 3.580156e-25
138.438314 3.578111e-25
138.753202 3.576074e-25
139.068806 3.574046e-25
139.385127 3.572026e-25
139.702168 3.570014e-25
140.019931 3.568010e-25
140.338416 3.566015e-25
140.657625 3.564027e-25
140.977561 3.562049e-25
141.298224 3.560078e-25
141.619617 3.558116e-25
141.941741 3.556162e-25
142.264597 3.554217e-25
142.588188 3.552280e-25
142.912515 3.550351e-25
143.237579 3.548431e-25
143.563383 3.546519e-25
143.889928 3.544615e-25
144.217216 3.542720e-25
144.545248 3.540833e-25
144.874026 3.538955e-25
145.203552 3.537085e-25
145.533828 3.535224e-25
145.864855 3.533371e-25
146.196634 3.531526e-25
146.529169 3.529690e-25
146.862460 3.527862e-25
147.196509 3.526043e-25
147.531317 3.524232e-25
147.866888 3.522430e-25
148.203221 3.520636e-25
148.540320 3.518851e-25
148.878185 3.517074e-25
149.216819 3.515305e-25
149.556223 3.513545e-25
149.896399 3.511793e-25
150.237349 3.510050e-25
150.579074 3.508316e-25
150.921577 3.506589e-25
151.264859 3.504872e-25
151.608921 3.503162e-25
151.953766 3.501461e-25
152.299396 3.499769e-25
152.645811 3.498085e-25
152.993015 3.496409e-25
153.341008 3.494741e-25
153.689793 3.493083e-25
154.039371 3.491432e-25
154.389744 3.489790e-25
154.740915 3.488156e-25
155.092884 3.486530e-25
155.445653 3.484913e-25
155.799225 3.483304e-25
156.153601 3.481704e-25
156.508784 3.480111e-25
156.864774 3.478527e-25
157.221574 3.476952e-25
157.579185 3.475384e-25
157.937610 3.473825e-25
158.296850 3.472274e-25
158.656907 3.470731e-25
159.017784 3.469196e-25
159.379481 3.467669e-25
159.742000 3.466151e-25
160.105345 3.464640e-25
160.469516 3.463138e-25
160.834515 3.461643e-25
161.200344 3.460157e-25
161.567005 3.458678e-25
161.934501 3.457208e-25
162.302832 3.455745e-25
162.672001 3.454291e-25
163.042010 3.452844e-25
163.412861 3.451405e-25
163.784555 3.449974e-25
164.157094 3.448550e-25
164.530481 3.447134e-25
164.904717 3.445726e-25
165.279804 3.444326e-25
165.655745 3.442933e-25
166.032540 3.441548e-25
166.410193 3.440170e-25
166.788704 3.438800e-25
167.168077 3.437437e-25
167.548312 3.436082e-25
167.929413 3.434734e-25
168.311380 3.433393e-25
168.694216 3.432060e-25
169.077923 3.430734e-25
169.462502 3.429415e-25
169.847957 3.428103e-25
170.234288 3.426798e-25
170.621497 3.425500e-25
171.009588 3.424209e-25
171.398561 3.422925e-25
171.788419 3.421648e-25
172.179164 3.420377e-25
172.570797 3.419114e-25
172.963322 3.417857e-25
173.356739 3.416606e-25
173.751051 3.415362e-25
174.146260 3.414125e-25
174.542368 3.412894e-25
174.939376 3.411669e-25
175.337288 3.410451e-25
175.736105 3.409238e-25
176.135829 3.408032e-25
176.536462 3.406832e-25
176.938007 3.405638e-25
177.340465 3.404450e-25
177.743838 3.403268e-25
178.148129 3.402091e-25
178.553339 3.400920e-25
178.959471 3.399755e-25
179.366527 3.398595e-25
179.774509 3.397440e-25
180.183418 3.396291e-25
180.593258 3.395147e-25
181.004030 3.394008e-25
181.415736 3.392875e-25
181.828379 3.391746e-25
182.241961 3.390622e-25
182.656483 3.389503e-25
183.071948 3.388389e-25
183.488358 3.387279e-25
183.905715 3.386173e-25
184.324021 3.385072e-25
184.743279 3.383976e-25
185.163490 3.382883e-25
185.584658 3.381795e-25
186.006783 3.380710e-25
186.429868 3.379629e-25
186.853916 3.378552e-25
187.278928 3.377479e-25
187.704907 3.376409e-25
188.131855 3.375342e-25
188.559774 3.374279e-25
188.988667 3.373219e-25
189.418535 3.372161e-25
189.849380 3.371107e-25
190.281206 3.370055e-25
190.714014 3.369006e-25
191.147806 3.367960e-25
191.582585 3.366916e-25
192.018353 3.365874e-25
192.455112 3.364834e-25
192.892865 3.363796e-25
193.331613 3.362759e-25
193.771360 3.361725e-25
194.212106 3.360691e-25
194.653855 3.359660e-25
195.096609 3.358629e-25
195.540370 3.357599e-25
195.985140 3.356570e-25
196.430922 3.355542e-25
196.877718 3.354515e-25
197.325530 3.353488e-25
197.774360 3.352461e-25
198.224212 3.351434e-25
198.675087 3.350407e-25
199.126987 3.349380e-25
199.579915 3.348352e-25
200.033874 3.347323e-25
200.488865 3.346294e-25
200.944891 3.345264e-25
201.401954 3.344232e-25
201.860057 3.343199e-25
202.319202 3.342165e-25
202.779391 3.341129e-25
203.240627 3.340091e-25
203.702912 3.339050e-25
204.166248 3.338008e-25
204.630639 3.336962e-25
205.096085 3.335914e-25
205.562591 3.334863e-25
206.030157 3.333809e-25
206.498787 3.332751e-25
206.968483 3.331690e-25
207.439247 3.330625e-25
207.911082 3.329555e-25
208.383991 3.328482e-25
208.857975 3.327404e-25
209.333037 3.326321e-25
209.809179 3.329790e-25
210.286405 3.329476e-25
210.764716 3.329167e-25
211.244115 3.328865e-25
211.724604 3.328570e-25
212.206187 3.328281e-25
212.688865 3.327998e-25
213.172640 3.327722e-25
213.657516 3.327452e-25
214.143495 3.327189e-25
214.630580 3.326932e-25
215.118772 3.326682e-25
215.608075 3.326438e-25
216.098490 3.326201e-25
216.590021 3.325971e-25
217.082670 3.325748e-25
217.576440 3.325531e-25
218.071333 3.325321e-25
218.567351 3.325117e-25
219.064498 3.324921e-25
219.562776 3.324732e-25
220.062186 3.324549e-25
220.562733 3.324373e-25
221.064419 3.324205e-25
221.567245 3.324043e-25
222.071215 3.323888e-25
222.576332 3.323741e-25
223.082597 3.323600e-25
223.590014 3.323467e-25
224.098585 3.323341e-25
224.608313 3.323222e-25
225.119200 3.323110e-25
225.631250 3.323005e-25
226.144464 3.322908e-25
226.658845 3.322818e-25
227.174397 3.322736e-25
227.691121 3.322661e-25
228.209020 3.322593e-25
228.728097 3.322533e-25
229.248355 3.322481e-25
229.769797 3.322435e-25
230.292424 3.322398e-25
230.816240 3.322368e-25
231.341248 3.322346e-25
231.867450 3.322331e-25
232.394849 3.322324e-25
232.923447 3.322325e-25
233.453247 3.322334e-25
233.984253 3.322350e-25
234.516467 3.322375e-25
235.049891 3.322407e-25
235.584528 3.322447e-25
236.120382 3.322495e-25
236.657454 3.322552e-25
237.195748 3.322616e-25
237.735266 3.322688e-25
238.276012 3.322768e-25
238.817987 3.322857e-25
239.361195 3.322953e-25
239.905639 3.323058e-25
240.451321 3.323171e-25
240.998244 3.323293e-25
241.546412 3.323422e-25
242.095826 3.323560e-25
242.646490 3.323707e-25
243.198406 3.323862e-25
243.751578 3.324025e-25
244.306008 3.324197e-25
244.861699 3.324377e-25
245.418654 3.324566e-25
245.976876 3.324764e-25
246.536368 3.324970e-25
247.097132 3.325185e-25
247.659171 3.325408e-25
248.222489 3.325641e-25
248.787089 3.325882e-25
249.352972 3.326132e-25
249.920143 3.326390e-25
250.488604 3.326658e-25
251.058358 3.326935e-25
251.629408 3.327220e-25
252.201756 3.327515e-25
252.775407 3.327818e-25
253.350362 3.328131e-25
253.926625 3.328453e-25
254.504199 3.328784e-25
255.083087 3.329124e-25
255.663291 3.329474e-25
256.244815 3.329832e-25
256.827662 3.330200e-25
257.411834 3.330578e-25
257.997335 3.330965e-25
258.584168 3.331361e-25
259.172336 3.331766e-25
259.761842 3.332182e-25
260.352688 3.332606e-25
260.944878 3.333040e-25
261.538416 3.333484e-25
262.133303 3.333938e-25
262.729544 3.334401e-25
263.327140 3.334874e-25
263.926096 3.335357e-25
264.526415 3.335849e-25
265.128098 3.336351e-25
265.731151 3.336864e-25
266.335575 3.337386e-25
266.941374 3.337918e-25
267.548551 3.338460e-25
268.157108 3.339012e-25
268.767051 3.339574e-25
269.378380 3.340147e-25
269.991100 3.340729e-25
270.605213 3.341322e-25
271.220724 3.341924e-25
271.837634 3.342538e-25
272.455948 3.343161e-25
273.075668 3.343795e-25
273.696798 3.344439e-25
274.319340 3.345093e-25
274.943299 3.345759e-25
275.568677 3.346434e-25
276.195477 3.347120e-25
276.823703 3.347817e-25
277.453358 3.348524e-25
278.084445 3.349242e-25
278.716967 3.349971e-25
279.350928 3.350710e-25
279.986331 3.351460e-25
280.623180 3.352221e-25
281.261477 3.352993e-25
281.901226 3.353776e-25
282.542430 3.354569e-25
283.185092 3.355374e-25
283.829217 3.356190e-25
284.474806 3.357016e-25
285.121864 3.357854e-25
285.770393 3.358703e-25
286.420398 3.359563e-25
287.071881 3.360434e-25
287.724846 3.361317e-25
288.379297 3.362211e-25
289.035235 3.363116e-25
289.692666 3.364033e-25
290.351592 3.364961e-25
291.012017 3.365900e-25
291.673945 3.366851e-25
292.337377 3.367813e-25
293.002319 3.368787e-25
293.668773 3.369773e-25
294.336743 3.370771e-25
295.006233 3.371780e-25
295.677245 3.372800e-25
296.349784 3.373833e-25
297.023852 3.374877e-25
297.699454 3.375933e-25
298.376592 3.377002e-25
299.055270 3.378082e-25
299.735492 3.379174e-25
300.417262 3.380278e-25
301.100582 3.381394e-25
301.785456 3.382522e-25
302.471888 3.383663e-25
303.159881 3.384815e-25
303.849440 3.385980e-25
304.540567 3.387157e-25
305.233265 3.388346e-25
305.927540 3.389548e-25
306.623393 3.390762e-25
307.320830 3.391989e-25
308.019852 3.393228e-25
308.720465 3.394480e-25
309.422671 3.395744e-25
310.126475 3.397020e-25
310.831879 3.398310e-25
311.538888 3.399612e-25
312.247505 3.400926e-25
312.957734 3.402254e-25
313.669578 3.403594e-25
314.383041 3.404947e-25
315.098127 3.406314e-25
315.814840 3.407693e-25
316.533183 3.409084e-25
317.253160 3.410489e-25
317.974774 3.411907e-25
318.698030 3.413339e-25
319.422931 3.414783e-25
320.149481 3.416240e-25
320.877683 3.417711e-25
321.607542 3.419195e-25
322.339061 3.420692e-25
323.072243 3.422202e-25
323.807094 3.423726e-25
324.543616 3.425264e-25
325.281813 3.426814e-25
326.021689 3.428379e-25
326.763248 3.429957e-25
327.506494 3.431548e-25
328.251430 3.433153e-25
328.998061 3.434772e-25
329.746390 3.436405e-25
330.496421 3.438051e-25
331.248158 3.439711e-25
332.001605 3.441385e-25
332.756766 3.443072e-25
333.513645 3.444774e-25
334.272245 3.446490e-25
335.032570 3.448219e-25
335.794625 3.449963e-25
336.558414 3.451721e-25
337.323939 3.453493e-25
338.091206 3.455279e-25
338.860218 3.457079e-25
339.630980 3.458894e-25
340.403494 3.460723e-25
341.177765 3.462566e-25
341.953798 3.464424e-25
342.731596 3.466296e-25
343.511163 3.468182e-25
344.292503 3.470083e-25
345.075620 3.471999e-25
345.860519 3.473929e-25
346.647203 3.475874e-25
347.435676 3.477834e-25
348.225943 3.479808e-25
349.018007 3.481797e-25
349.811873 3.483800e-25
350.607544 3.485819e-25
351.405026 3.487853e-25
352.204321 3.489901e-25
353.005434 3.491964e-25
353.808370 3.494043e-25
354.613132 3.496136e-25
355.419724 3.498245e-25
356.228151 3.500369e-25
357.038417 3.502507e-25
357.850526 3.504661e-25
358.664482 3.506831e-25
359.480289 3.509015e-25
360.297952 3.511215e-25
361.117475 3.513431e-25
361.938862 3.515662e-25
362.762117 3.517908e-25
363.587245 3.520170e-25
364.414249 3.522447e-25
365.243135 3.524740e-25
366.073906 3.527049e-25
366.906567 3.529373e-25
367.741121 3.531713e-25
368.577574 3.534069e-25
369.415930 3.536440e-25
370.256192 3.538827e-25
371.098366 3.541231e-25
371.942455 3.543650e-25
372.788464 3.546085e-25
373.636397 3.548536e-25
374.486259 3.551003e-25
375.338054 3.553487e-25
376.191787 3.555986e-25
377.047461 3.558502e-25
377.905082 3.561034e-25
378.764654 3.563582e-25
379.626180 3.566146e-25
380.489667 3.568727e-25
381.355117 3.571324e-25
382.222536 3.573937e-25
383.091928 3.576567e-25
383.963297 3.579214e-25
384.836648 3.581877e-25
385.711986 3.584556e-25
386.589315 3.587253e-25
387.468639 3.589966e-25
388.349964 3.592695e-25
389.233293 3.595442e-25
390.118631 3.598205e-25
391.005983 3.600985e-25
391.895354 3.603782e-25
392.786747 3.606595e-25
393.680168 3.609426e-25
394.575621 3.612274e-25
395.473111 3.615139e-25
396.372642 3.618020e-25
397.274219 3.620919e-25
398.177847 3.623835e-25
399.083531 3.626769e-25
399.991274 3.629719e-25
400.901082 3.632687e-25
401.812960 3.635672e-25
402.726911 3.638675e-25
403.642942 3.641695e-25
404.561056 3.644732e-25
405.481258 3.647787e-25
406.403554 3.650859e-25
407.327947 3.653949e-25
408.254443 3.657057e-25
409.183046 3.660182e-25
410.113761 3.663325e-25
411.046594 3.666485e-25
411.981548 3.669664e-25
412.918629 3.672860e-25
413.857841 3.676074e-25
414.799190 3.679306e-25
415.742679 3.682556e-25
416.688315 3.685823e-25
417.636102 3.689109e-25
418.586044 3.692413e-25
419.538147 3.695735e-25
420.492416 3.699075e-25
421.448856 3.702433e-25
422.407470 3.705809e-25
423.368266 3.709204e-25
424.331246 3.712617e-25
425.296418 3.716048e-25
426.263784 3.719498e-25
427.233351 3.722966e-25
428.205123 3.726452e-25
429.179105 3.729957e-25
430.155303 3.733480e-25
431.133721 3.737022e-25
432.114365 3.740583e-25
433.097239 3.744162e-25
434.082349 3.747760e-25
435.069700 3.751376e-25
436.059296 3.755012e-25
437.051144 3.758666e-25
438.045247 3.762339e-25
439.041612 3.766030e-25
440.040242 3.769741e-25
441.041145 3.773471e-25
442.044323 3.777219e-25
443.049784 3.780987e-25
444.057532 3.784774e-25
445.067572 3.788580e-25
446.079909 3.792404e-25
447.094549 3.796249e-25
448.111497 3.800112e-25
449.130758 3.803994e-25
450.152337 3.807896e-25
451.176240 3.811818e-25
452.202472 3.815758e-25
453.231038 3.819718e-25
454.261943 3.823697e-25
455.295194 3.827696e-25
456.330795 3.831715e-25
457.368751 3.835753e-25
458.409068 3.839810e-25
459.451751 3.843887e-25
460.496807 3.847984e-25
461.544239 3.852101e-25
462.594053 3.856237e-25
463.646256 3.860393e-25
464.700852 3.864569e-25
465.757846 3.868765e-25
466.817245 3.872980e-25
467.879053 3.877216e-25
468.943277 3.881471e-25
470.009921 3.885747e-25
471.078992 3.890043e-25
472.150494 3.894358e-25
473.224433 3.898694e-25
474.300815 3.903050e-25
475.379645 3.907426e-25
476.460929 3.911822e-25
477.544673 3.916239e-25
478.630882 3.920676e-25
479.719561 3.925133e-25
480.810717 3.929611e-25
481.904354 3.934109e-25
483.000479 3.938627e-25
484.099098 3.943166e-25
485.200215 3.947725e-25
486.303837 3.952305e-25
487.409969 3.956906e-25
488.518617 3.961527e-25
489.629786 3.966169e-25
490.743484 3.970831e-25
491.859714 3.975515e-25
492.978483 3.980219e-25
494.099797 3.984944e-25
495.223662 3.989689e-25
496.350083 3.994456e-25
497.479065 3.999243e-25
498.610616 4.004052e-25
499.744741 4.008881e-25
500.881445 4.013732e-25
502.020735 4.018603e-25
503.162616 4.023496e-25
504.307095 4.028409e-25
505.454177 4.033344e-25
506.603867 4.038300e-25
507.756173 4.043277e-25
508.911100 4.048276e-25
510.068654 4.053296e-25
511.228841 4.058337e-25
512.391666 4.063399e-25
513.557137 4.068483e-25
514.725259 4.073588e-25
515.896037 4.078715e-25
517.069479 4.083864e-25
518.245589 4.089033e-25
519.424375 4.094225e-25
520.605842 4.099438e-25
521.789997 4.104673e-25
522.976844 4.109929e-25
524.166392 4.115207e-25
525.358645 4.120507e-25
526.553610 4.125828e-25
527.751293 4.131172e-25
528.951700 4.136537e-25
530.154837 4.141924e-25
531.360712 4.147333e-25
532.569329 4.152764e-25
533.780695 4.158217e-25
534.994816 4.163692e-25
536.211699 4.169189e-25
537.431350 4.174709e-25
538.653775 4.180250e-25
539.878981 4.185813e-25
541.106974 4.191399e-25
542.337759 4.197007e-25
543.571344 4.202637e-25
544.807735 4.208289e-25
546.046938 4.213964e-25
547.288960 4.219661e-25
548.533807 4.225380e-25
549.781486 4.231122e-25
551.032002 4.236886e-25
552.285363 4.242673e-25
553.541575 4.248482e-25
554.800644 4.254314e-25
556.062576 4.260169e-25
557.327379 4.266046e-25
558.595060 4.271946e-25
559.865623 4.277868e-25
561.139076 4.283813e-25
562.415426 4.289781e-25
563.694680 4.295772e-25
564.976843 4.301785e-25
566.261922 4.307821e-25
567.549924 4.313881e-25
568.840856 4.319963e-25
570.134724 4.326068e-25
571.431536 4.332196e-25
572.731296 4.338347e-25
574.034014 4.344521e-25
575.339694 4.350718e-25
576.648345 4.356938e-25
577.959972 4.363182e-25
579.274582 4.369448e-25
580.592182 4.375738e-25
581.912780 4.382051e-25
583.236381 4.388388e-25
584.562993 4.394747e-25
585.892622 4.401130e-25
587.225276 4.407536e-25
588.560961 4.413966e-25
589.899684 4.420419e-25
591.241452 4.426896e-25
592.586272 4.433396e-25
593.934151 4.439920e-25
595.285095 4.446467e-25
596.639113 4.453038e-25
597.996210 4.459632e-25
599.356394 4.466250e-25
600.719672 4.472892e-25
602.086051 4.479558e-25
603.455538 4.486247e-25
604.828140 4.492960e-25
606.203864 4.499697e-25
607.582717 4.506458e-25
608.964706 4.513242e-25
610.349839 4.520051e-25
611.738122 4.526883e-25
613.129563 4.533740e-25
614.524169 4.540620e-25
615.921947 4.547525e-25
617.322905 4.554454e-25
618.727049 4.561406e-25
620.134387 4.568383e-25
621.544926 4.575384e-25
622.958673 4.582410e-25
624.375636 4.589459e-25
625.795822 4.596533e-25
627.219238 4.603631e-25
628.645892 4.610753e-25
630.075791 4.617900e-25
631.508943 4.625071e-25
632.945354 4.632267e-25
634.385032 4.639487e-25
635.827985 4.646732e-25
637.274220 4.654001e-25
638.723745 4.661295e-25
640.176567 4.668613e-25
641.632693 4.675956e-25
643.092132 4.683324e-25
644.554890 4.690716e-25
646.020975 4.698133e-25
647.490395 4.705575e-25
648.963157 4.713041e-25
650.439269 4.720533e-25
651.918738 4.728049e-25
653.401573 4.735590e-25
654.887780 4.743156e-25
656.377368 4.750747e-25
657.870345 4.758363e-25
659.366717 4.766005e-25
660.866492 4.773671e-25
662.369679 4.781362e-25
663.876285 4.789078e-25
665.386318 4.796820e-25
666.899786 4.804587e-25
668.416696 4.812378e-25
669.937057 4.820196e-25
671.460875 4.828038e-25
672.988160 4.835906e-25
674.518918 4.843799e-25
676.053159 4.851718e-25
677.590889 4.859662e-25
679.132117 4.867631e-25
680.676850 4.875626e-25
682.225097 4.883647e-25
683.776866 4.891693e-25
685.332164 4.899765e-25
686.891000 4.907862e-25
688.453381 4.915985e-25
690.019317 4.924134e-25
691.588814 4.932308e-25
693.161881 4.940508e-25
694.738526 4.948734e-25
696.318757 4.956986e-25
697.902583 4.965264e-25
699.490011 4.973568e-25
701.081050 4.981897e-25
702.675708 4.990253e-25
704.273993 4.998634e-25
705.875913 5.007042e-25
707.481477 5.015476e-25
709.090693 5.023936e-25
710.703570 5.032422e-25
712.320115 5.040934e-25
713.940336 5.049473e-25
715.564244 5.058037e-25
717.191844 5.066628e-25
718.823147 5.075246e-25
720.458161 5.083890e-25
722.096893 5.092560e-25
723.739353 5.101257e-25
725.385549 5.109980e-25
727.035489 5.118729e-25
728.689182 5.127506e-25
730.346636 5.136309e-25
732.007861 5.145138e-25
733.672864 5.153994e-25
735.341654 5.162877e-25
737.014240 5.171787e-25
738.690630 5.180724e-25
740.370833 5.189687e-25
742.054859 5.198677e-25
743.742714 5.207694e-25
745.434409 5.216738e-25
747.129952 5.225810e-25
748.829351 5.234908e-25
750.532616 5.244033e-25
752.239754 5.253185e-25
753.950776 5.262365e-25
755.665690 5.271571e-25
757.384504 5.280805e-25
759.107228 5.290066e-25
760.833871 5.299355e-25
762.564440 5.308671e-25
764.298947 5.318014e-25
766.037398 5.327384e-25
767.779803 5.336782e-25
769.526172 5.346208e-25
771.276513 5.355661e-25
773.030836 5.365142e-25
774.789148 5.374651e-25
776.551460 5.384187e-25
778.317781 5.393751e-25
780.088119 5.403342e-25
781.862484 5.412962e-25
783.640885 5.422609e-25
785.423330 5.432284e-25
787.209831 5.441987e-25
789.000394 5.451718e-25
790.795031 5.461478e-25
792.593749 5.471265e-25
794.396559 5.481080e-25
796.203470 5.490924e-25
798.014490 5.500795e-25
799.829630 5.510695e-25
801.648898 5.520624e-25
803.472305 5.530580e-25
805.299858 5.540565e-25
807.131569 5.550579e-25
808.967446 5.560621e-25
810.807499 5.570691e-25
812.651738 5.580790e-25
814.500171 5.590918e-25
816.352808 5.601074e-25
818.209660 5.611260e-25
820.070735 5.621473e-25
821.936043 5.631716e-25
823.805594 5.641988e-25
825.679397 5.652288e-25
827.557463 5.662617e-25
829.439800 5.672976e-25
831.326419 5.683363e-25
833.217329 5.693780e-25
835.112540 5.704226e-25
837.012061 5.714701e-25
838.915904 5.725205e-25
840.824077 5.735738e-25
842.736590 5.746301e-25
844.653453 5.756894e-25
846.574676 5.767515e-25
848.500269 5.778167e-25
850.430243 5.788848e-25
852.364605 5.799558e-25
854.303368 5.810298e-25
856.246541 5.821068e-25
858.194134 5.831868e-25
860.146156 5.842697e-25
862.102619 5.853557e-25
864.063531 5.864446e-25
866.028904 5.875365e-25
867.998747 5.886315e-25
869.973071 5.897294e-25
871.951885 5.908304e-25
873.935201 5.919344e-25
875.923028 5.930414e-25
877.915376 5.941514e-25
879.912256 5.952645e-25
881.913677 5.963807e-25
883.919652 5.974998e-25
885.930189 5.986221e-25
887.945299 5.997474e-25
889.964992 6.008757e-25
891.989280 6.020072e-25
894.018172 6.031417e-25
896.051679 6.042793e-25
898.089811 6.054200e-25
900.132579 6.065638e-25
902.179993 6.077107e-25
904.232064 6.088607e-25
906.288803 6.100138e-25
908.350221 6.111700e-25
910.416327 6.123294e-25
912.487132 6.134919e-25
914.562648 6.146575e-25
916.642884 6.158263e-25
918.727853 6.169982e-25
920.817563 6.181733e-25
922.912027 6.193515e-25
925.011255 6.205330e-25
927.115258 6.217176e-25
929.224046 6.229053e-25
931.337631 6.240963e-25
933.456024 6.252905e-25
935.579235 6.264879e-25
937.707275 6.276884e-25
939.840156 6.288922e-25
941.977888 6.300993e-25
944.120482 6.313095e-25
946.267950 6.325230e-25
948.420303 6.337397e-25
950.577551 6.349597e-25
952.739706 6.361829e-25
954.906779 6.374094e-25
957.078781 6.386392e-25
959.255724 6.398722e-25
961.437618 6.411086e-25
963.624475 6.423482e-25
965.816306 6.435911e-25
968.013122 6.448373e-25
970.214936 6.460868e-25
972.421758 6.473397e-25
974.633599 6.485958e-25
976.850471 6.498553e-25
979.072386 6.511182e-25
981.299354 6.523844e-25
983.531388 6.536539e-25
985.768499 6.549268e-25
988.010698 6.562031e-25
990.257997 6.574827e-25
992.510408 6.587658e-25
994.767943 6.600522e-25
997.030612 6.613420e-25
999.298428 6.626352e-25
1001.571402 6.639319e-25
1003.849546 6.652319e-25
1006.132872 6.665354e-25
1008.421391 6.678423e-25
1010.715116 6.691527e-25
1013.014058 6.704665e-25
1015.318229 6.717838e-25
1017.627642 6.731045e-25
1019.942307 6.744287e-25
1022.262237 6.757564e-25
1024.587444 6.770876e-25
1026.917939 6.784223e-25
1029.253736 6.797605e-25
1031.594845 6.811021e-25
1033.941280 6.824474e-25
1036.293051 6.837961e-25
1038.650172 6.851484e-25
1041.012655 6.865042e-25
1043.380511 6.878636e-25
1045.753753 6.892265e-25
1048.132393 6.905930e-25
1050.516443 6.919631e-25
1052.905916 6.933367e-25
1055.300824 6.947140e-25
1057.701179 6.960949e-25
1060.106995 6.974793e-25
1062.518282 6.988674e-25
1064.935054 7.002591e-25
1067.357323 7.016544e-25
1069.785102 7.030534e-25
1072.218403 7.044561e-25
1074.657238 7.058623e-25
1077.101621 7.072723e-25
1079.551564 7.086859e-25
1082.007080 7.101032e-25
1084.468180 7.115242e-25
1086.934879 7.129489e-25
1089.407188 7.143774e-25
1091.885121 7.158095e-25
1094.368690 7.172453e-25
1096.857908 7.186849e-25
1099.352788 7.201283e-25
1101.853343 7.215754e-25
1104.359585 7.230262e-25
1106.871528 7.244808e-25
1109.389184 7.259392e-25
1111.912568 7.274014e-25
1114.441690 7.288673e-25
1116.976566 7.303371e-25
1119.517207 7.318107e-25
1122.063627 7.332881e-25
1124.615839 7.347693e-25
1127.173857 7.362544e-25
1129.737692 7.377433e-25
1132.307359 7.392361e-25
1134.882872 7.407327e-25
1137.464242 7.422332e-25
1140.051484 7.437376e-25
1142.644611 7.452459e-25
1145.243636 7.467581e-25
1147.848572 7.482742e-25
1150.459434 7.497942e-25
1153.076234 7.513181e-25
1155.698987 7.528460e-25
1158.327705 7.543778e-25
1160.962402 7.559135e-25
1163.603092 7.574533e-25
1166.249789 7.589970e-25
1168.902505 7.605446e-25
1171.561255 7.620963e-25
1174.226053 7.636519e-25
1176.896913 7.652116e-25
1179.573847 7.667753e-25
1182.256870 7.683430e-25
1184.945996 7.699147e-25
1187.641238 7.714905e-25
1190.342611 7.730703e-25
1193.050128 7.746542e-25
1195.763804 7.762422e-25
1198.483653 7.778342e-25
1201.209687 7.794303e-25
1203.941923 7.810306e-25
1206.680373 7.826349e-25
1209.425051 7.842433e-25
1212.175973 7.858559e-25
1214.933152 7.874726e-25
1217.696602 7.890934e-25
1220.466338 7.907184e-25
1223.242374 7.923475e-25
1226.024724 7.939808e-25
1228.813403 7.956183e-25
1231.608425 7.972600e-25
1234.409805 7.989058e-25
1237.217556 8.005559e-25
1240.031694 8.022102e-25
1242.852232 8.038687e-25
1245.679186 8.055314e-25
1248.512571 8.071984e-25
1251.352400 8.088696e-25
1254.198688 8.105450e-25
1257.051451 8.122248e-25
1259.910702 8.139088e-25
1262.776457 8.155971e-25
1265.648730 8.172897e-25
1268.527537 8.189866e-25
1271.412891 8.206877e-25
1274.304809 8.223933e-25
1277.203304 8.241031e-25
1280.108392 8.258173e-25
1283.020088 8.275358e-25
1285.938407 8.292587e-25
1288.863363 8.309859e-25
1291.794973 8.327175e-25
1294.733251 8.344535e-25
1297.678212 8.361938e-25
1300.629872 8.379386e-25
1303.588245 8.396878e-25
1306.553348 8.414414e-25
1309.525195 8.431994e-25
1312.503801 8.449618e-25
1315.489183 8.467287e-25
1318.481355 8.485000e-25
1321.480333 8.502758e-25
1324.486132 8.520560e-25
1327.498768 8.538407e-25
1330.518257 8.556299e-25
1333.544614 8.574236e-25
1336.577854 8.592217e-25
1339.617994 8.610244e-25
1342.665048 8.628316e-25
1345.719034 8.646433e-25
1348.779966 8.664596e-25
1351.847860 8.682803e-25
1354.922732 8.701057e-25
1358.004599 8.719355e-25
1361.093475 8.737700e-25
1364.189377 8.756090e-25
1367.292321 8.774526e-25
1370.402323 8.793008e-25
1373.519399 8.811535e-25
1376.643564 8.830109e-25
1379.774836 8.848729e-25
1382.913231 8.867394e-25
1386.058763 8.886107e-25
1389.211451 8.904865e-25
1392.371309 8.923670e-25
1395.538355 8.942521e-25
1398.712605 8.961419e-25
1401.894074 8.980363e-25
1405.082780 8.999355e-25
1408.278739 9.018392e-25
1411.481967 9.037477e-25
1414.692482 9.056609e-25
1417.910298 9.075787e-25
1421.135434 9.095013e-25
1424.367906 9.114286e-25
1427.607730 9.133606e-25
1430.854924 9.152973e-25
1434.109503 9.172387e-25
1437.371486 9.191849e-25
1440.640887 9.211359e-25
1443.917726 9.230916e-25
1447.202017 9.250520e-25
1450.493780 9.270172e-25
1453.793029 9.289872e-25
1457.099783 9.309620e-25
1460.414058 9.329415e-25
1463.735872 9.349259e-25
1467.065241 9.369150e-25
1470.402183 9.389090e-25
1473.746716 9.409078e-25
1477.098856 9.429113e-25
1480.458620 9.449197e-25
1483.826027 9.469330e-25
1487.201093 9.489511e-25
1490.583835 9.509740e-25
1493.974272 9.530017e-25
1497.372421 9.550343e-25
1500.778299 9.570718e-25
1504.191924 9.591142e-25
1507.613314 9.611614e-25
1511.042486 9.632135e-25
1514.479458 9.652704e-25
1517.924247 9.673323e-25
1521.376872 9.693990e-25
1524.837349 9.714707e-25
1528.305698 9.735473e-25
1531.781937 9.756287e-25
1535.266082 9.777151e-25
1538.758151 9.798064e-25
1542.258164 9.819026e-25
1545.766138 9.840038e-25
1549.282091 9.861098e-25
1552.806042 9.882209e-25
1556.338007 9.903368e-25
1559.878007 9.924577e-25
1563.426058 9.945836e-25
1566.982180 9.967144e-25
1570.546390 9.988502e-25
1574.118708 1.000991e-24
1577.699151 1.003137e-24
1581.287738 1.005287e-24
1584.884487 1.007443e-24
1588.489418 1.009604e-24
1592.102548 1.011769e-24
1595.723896 1.013940e-24
1599.353482 1.016116e-24
1602.991323 1.018296e-24
1606.637438 1.020482e-24
1610.291848 1.022673e-24
1613.954569 1.024868e-24
1617.625621 1.027069e-24
1621.305024 1.029275e-24
1624.992795 1.031485e-24
1628.688955 1.033701e-24
1632.393521 1.035922e-24
1636.106515 1.038148e-24
1639.827953 1.040379e-24
1643.557856 1.042615e-24
1647.296243 1.044855e-24
1651.043134 1.047101e-24
1654.798547 1.049353e-24
1658.562502 1.051609e-24
1662.335018 1.053870e-24
1666.116115 1.056136e-24
1669.905812 1.058407e-24
1673.704130 1.060684e-24
1677.511087 1.062965e-24
1681.326703 1.065251e-24
1685.150998 1.067543e-24
1688.983991 1.069839e-24
1692.825703 1.072141e-24
1696.676154 1.074448e-24
1700.535362 1.076760e-24
1704.403349 1.079077e-24
1708.280133 1.081399e-24
1712.165735 1.083726e-24
1716.060176 1.086058e-24
1719.963475 1.088395e-24
1723.875652 1.090738e-24
1727.796727 1.093085e-24
1731.726722 1.095438e-24
1735.665655 1.097795e-24
1739.613548 1.100158e-24
1743.570420 1.102526e-24
1747.536293 1.104899e-24
1751.511186 1.107277e-24
1755.495121 1.109660e-24
1759.488117 1.112048e-24
1763.490196 1.114442e-24
1767.501377 1.116840e-24
1771.521683 1.119244e-24
1775.551132 1.121653e-24
1779.589747 1.124067e-24
1783.637549 1.126486e-24
1787.694557 1.128910e-24
1791.760793 1.131339e-24
1795.836278 1.133773e-24
1799.921033 1.136213e-24
1804.015079 1.138657e-24
1808.118437 1.141107e-24
1812.231129 1.143562e-24
1816.353175 1.146022e-24
1820.484597 1.148487e-24
1824.625417 1.150957e-24
1828.775655 1.153433e-24
1832.935333 1.155913e-24
1837.104472 1.158399e-24
1841.283094 1.160889e-24
1845.471221 1.163385e-24
1849.668875 1.165886e-24
1853.876076 1.168392e-24
1858.092846 1.170904e-24
1862.319208 1.173420e-24
1866.555183 1.175941e-24
1870.800793 1.178468e-24
1875.056060 1.181000e-24
1879.321006 1.183537e-24
1883.595653 1.186079e-24
1887.880023 1.188626e-24
1892.174138 1.191178e-24
1896.478020 1.193736e-24
1900.791692 1.195489e-24
1905.115175 1.198192e-24
1909.448493 1.200901e-24
1913.791667 1.203617e-24
1918.144720 1.206338e-24
1922.507674 1.209065e-24
1926.880552 1.211798e-24
1931.263376 1.214538e-24
1935.656170 1.217283e-24
1940.058955 1.220035e-24
1944.471754 1.222793e-24
1948.894591 1.225557e-24
1953.327488 1.228327e-24
1957.770468 1.231103e-24
1962.223553 1.233885e-24
1966.686768 1.236674e-24
1971.160134 1.239469e-24
1975.643676 1.242270e-24
1980.137415 1.245077e-24
1984.641376 1.247891e-24
1989.155582 1.250710e-24
1993.680055 1.253537e-24
1998.214819 1.256369e-24
2002.759898 1.259208e-24
2007.315316 1.262053e-24
2011.881095 1.264904e-24
2016.457259 1.267762e-24
2021.043832 1.270626e-24
2025.640837 1.273496e-24
2030.248298 1.276373e-24
2034.866240 1.279256e-24
2039.494685 1.282146e-24
2044.133658 1.285042e-24
2048.783183 1.287945e-24
2053.443284 1.290854e-24
2058.113984 1.293769e-24
2062.795308 1.296691e-24
2067.487280 1.299620e-24
2072.189924 1.302555e-24
2076.903265 1.305497e-24
2081.627326 1.308445e-24
2086.362133 1.311400e-24
2091.107709 1.314361e-24
2095.864080 1.317329e-24
2100.631269 1.320303e-24
2105.409302 1.323284e-24
2110.198202 1.326272e-24
2114.997995 1.329267e-24
2119.808706 1.332268e-24
2124.630359 1.335275e-24
2129.462979 1.338290e-24
2134.306591 1.341311e-24
2139.161221 1.344339e-24
2144.026892 1.347374e-24
2148.903631 1.350415e-24
2153.791462 1.353463e-24
2158.690412 1.356518e-24
2163.600504 1.359580e-24
2168.521764 1.362649e-24
2173.454218 1.365724e-24
2178.397892 1.368807e-24
2183.352810 1.371896e-24
2188.318998 1.374992e-24
2193.296483 1.378095e-24
2198.285289 1.381205e-24
2203.285442 1.384321e-24
2208.296969 1.387445e-24
2213.319894 1.390576e-24
2218.354245 1.393714e-24
2223.400047 1.396858e-24
2228.457325 1.400010e-24
2233.526107 1.403169e-24
2238.606418 1.406334e-24
2243.698285 1.409507e-24
2248.801733 1.412687e-24
2253.916790 1.415874e-24
2259.043481 1.419068e-24
2264.181833 1.422269e-24
2269.331873 1.425477e-24
2274.493627 1.428693e-24
2279.667121 1.431915e-24
2284.852383 1.435145e-24
2290.049440 1.438382e-24
2295.258317 1.441626e-24
2300.479043 1.444878e-24
2305.711643 1.448136e-24
2310.956145 1.451402e-24
2316.212576 1.454675e-24
2321.480963 1.457956e-24
2326.761334 1.461244e-24
2332.053715 1.464539e-24
2337.358134 1.467841e-24
2342.674618 1.471151e-24
2348.003195 1.474468e-24
2353.343893 1.477793e-24
2358.696738 1.481125e-24
2364.061758 1.484464e-24
2369.438982 1.487811e-24
2374.828436 1.491165e-24
2380.230149 1.494527e-24
2385.644149 1.497896e-24
2391.070463 1.501273e-24
2396.509120 1.504657e-24
2401.960147 1.508049e-24
2407.423573 1.511448e-24
2412.899426 1.514855e-24
2418.387735 1.518270e-24
2423.888527 1.521692e-24
2429.401830 1.525122e-24
2434.927674 1.528559e-24
2440.466087 1.532004e-24
2446.017098 1.535457e-24
2451.580735 1.538917e-24
2457.157026 1.542385e-24
2462.746002 1.545861e-24
2468.347689 1.549345e-24
2473.962118 1.552836e-24
2479.589318 1.556335e-24
2485.229317 1.559842e-24
2490.882145 1.563357e-24
2496.547830 1.566880e-24
2502.226403 1.570410e-24
2507.917891 1.573948e-24
2513.622326 1.577494e-24
2519.339735 1.581048e-24
2525.070149 1.584610e-24
2530.813598 1.588180e-24
2536.570110 1.591758e-24
2542.339716 1.595344e-24
2548.122445 1.598938e-24
2553.918328 1.602540e-24
2559.727393 1.606150e-24
2565.549672 1.609767e-24
2571.385194 1.613393e-24
2577.233989 1.617027e-24
2583.096088 1.620670e-24
2588.971520 1.624320e-24
2594.860317 1.627978e-24
2600.762508 1.631645e-24
2606.678124 1.635319e-24
2612.607195 1.639002e-24
2618.549753 1.642693e-24
2624.505827 1.646393e-24
2630.475449 1.650100e-24
2636.458649 1.653816e-24
2642.455458 1.657540e-24
2648.465908 1.661273e-24
2654.490028 1.665013e-24
2660.527851 1.668762e-24
2666.579408 1.672520e-24
2672.644729 1.676285e-24
2678.723846 1.680060e-24
2684.816790 1.683842e-24
2690.923594 1.687633e-24
2697.044287 1.691432e-24
2703.178903 1.695240e-24
2709.327472 1.699057e-24
2715.490027 1.702882e-24
2721.666598 1.706715e-24
2727.857219 1.710557e-24
2734.061921 1.714407e-24
2740.280735 1.718266e-24
2746.513695 1.722134e-24
2752.760833 1.726010e-24
2759.022179 1.729895e-24
2765.297768 1.733789e-24
2771.587631 1.737691e-24
2777.891801 1.741602e-24
2784.210309 1.745522e-24
2790.543190 1.749450e-24
2796.890476 1.753387e-24
2803.252198 1.757333e-24
2809.628391 1.761288e-24
2816.019087 1.765251e-24
2822.424319 1.769224e-24
2828.844120 1.773205e-24
2835.278524 1.777195e-24
2841.727563 1.781194e-24
2848.191271 1.785202e-24
2854.669681 1.789218e-24
2861.162826 1.793244e-24
2867.670741 1.797279e-24
2874.193458 1.801322e-24
2880.731012 1.805375e-24
2887.283436 1.809437e-24
2893.850764 1.813507e-24
2900.433029 1.817587e-24
2907.030267 1.821676e-24
2913.642510 1.825774e-24
2920.269794 1.829881e-24
2926.912151 1.833998e-24
2933.569617 1.838123e-24
2940.242226 1.842258e-24
2946.930013 1.846402e-24
2953.633011 1.850555e-24
2960.351255 1.854717e-24
2967.084781 1.858889e-24
2973.833622 1.863070e-24
2980.597815 1.867260e-24
2987.377393 1.871459e-24
2994.172391 1.875668e-24
3000.982845 1.879887e-24
3007.808790 1.884114e-24
3014.650262 1.888352e-24
3021.507294 1.892598e-24
3028.379923 1.896854e-24
3035.268185 1.901120e-24
3042.172115 1.905395e-24
3049.091747 1.909679e-24
3056.027120 1.913973e-24
3062.978267 1.918277e-24
3069.945225 1.922590e-24
3076.928029 1.926913e-24
3083.926717 1.931245e-24
3090.941324 1.935587e-24
3097.971886 1.939939e-24
3105.018439 1.944301e-24
3112.081020 1.948672e-24
3119.159666 1.953053e-24
3126.254413 1.957443e-24
3133.365297 1.961844e-24
3140.492355 1.966254e-24
3147.635624 1.970674e-24
3154.795141 1.975104e-24
3161.970943 1.979544e-24
3169.163067 1.983994e-24
3176.371549 1.988453e-24
3183.596428 1.992923e-24
3190.837741 1.997402e-24
3198.095524 2.001892e-24
3205.369816 2.006391e-24
3212.660653 2.010901e-24
3219.968074 2.015420e-24
3227.292116 2.019950e-24
3234.632818 2.024490e-24
3241.990216 2.029039e-24
3249.364349 2.033599e-24
3256.755255 2.038170e-24
3264.162972 2.042750e-24
3271.587539 2.047340e-24
3279.028993 2.051941e-24
3286.487374 2.056552e-24
3293.962719 2.061173e-24
3301.455067 2.065805e-24
3308.964457 2.070447e-24
3316.490928 2.075099e-24
3324.034518 2.079761e-24
3331.595267 2.084434e-24
3339.173213 2.089118e-24
3346.768396 2.093811e-24
3354.380854 2.098516e-24
3362.010628 2.103230e-24
3369.657756 2.107956e-24
3377.322277 2.112691e-24
3385.004233 2.117438e-24
3392.703661 2.122195e-24
3400.420603 2.126962e-24
3408.155097 2.131740e-24
3415.907184 2.136529e-24
3423.676903 2.141328e-24
3431.464295 2.146138e-24
3439.269401 2.150959e-24
3447.092259 2.155791e-24
3454.932911 2.160633e-24
3462.791397 2.165486e-24
3470.667758 2.170350e-24
3478.562034 2.175225e-24
3486.474267 2.180110e-24
3494.404496 2.185007e-24
3502.352763 2.189914e-24
3510.319109 2.194833e-24
3518.303575 2.199762e-24
3526.306202 2.204702e-24
3534.327032 2.209654e-24
3542.366105 2.214616e-24
3550.423464 2.219589e-24
3558.499151 2.224574e-24
3566.593205 2.229569e-24
3574.705671 2.234576e-24
3582.836588 2.239594e-24
3590.986000 2.244623e-24
3599.153949 2.249663e-24
3607.340476 2.254714e-24
3615.545624 2.259777e-24
3623.769435 2.264851e-24
3632.011951 2.269936e-24
3640.273216 2.275033e-24
3648.553272 2.280141e-24
3656.852161 2.285260e-24
3665.169927 2.290391e-24
3673.506612 2.295533e-24
3681.862259 2.300687e-24
3690.236912 2.305852e-24
3698.630613 2.311028e-24
3707.043407 2.316216e-24
3715.475336 2.321416e-24
3723.926444 2.326627e-24
3732.396775 2.331850e-24
3740.886372 2.337085e-24
3749.395279 2.342331e-24
3757.923541 2.347589e-24
3766.471200 2.352858e-24
3775.038302 2.358140e-24
3783.624890 2.363433e-24
3792.231010 2.368738e-24
3800.856704 2.374054e-24
3809.502018 2.379383e-24
3818.166996 2.384723e-24
3826.851684 2.390075e-24
3835.556125 2.395440e-24
3844.280365 2.400816e-24
3853.024450 2.406204e-24
3861.788423 2.411604e-24
3870.572330 2.417016e-24
3879.376217 2.422441e-24
3888.200129 2.427877e-24
3897.044112 2.433325e-24
3905.908211 2.438786e-24
3914.792472 2.444259e-24
3923.696941 2.449744e-24
3932.621664 2.455241e-24
3941.566686 2.460750e-24
3950.532055 2.466272e-24
3959.517816 2.471806e-24
3968.524016 2.477352e-24
3977.550701 2.482911e-24
3986.597918 2.488482e-24
3995.665713 2.494065e-24
4004.754134 2.499661e-24
4013.863227 2.505269e-24
4022.993039 2.510890e-24
4032.143618 2.516524e-24
4041.315010 2.522169e-24
4050.507263 2.527828e-24
4059.720425 2.533499e-24
4068.954542 2.539183e-24
4078.209664 2.544879e-24
4087.485836 2.550588e-24
4096.783108 2.556310e-24
4106.101528 2.562044e-24
4115.441142 2.567792e-24
4124.802001 2.573552e-24
4134.184151 2.579325e-24
4143.587641 2.585111e-24
4153.012521 2.590909e-24
4162.458838 2.596721e-24
4171.926641 2.602546e-24
4181.415980 2.608383e-24
4190.926902 2.614234e-24
4200.459458 2.620097e-24
4210.013697 2.625974e-24
4219.589667 2.631864e-24
4229.187418 2.637766e-24
4238.807000 2.643682e-24
4248.448463 2.649612e-24
4258.111856 2.655554e-24
4267.797228 2.661510e-24
4277.504631 2.667478e-24
4287.234114 2.673461e-24
4296.985728 2.679456e-24
4306.759522 2.685465e-24
4316.555547 2.691487e-24
4326.373854 2.697523e-24
4336.214494 2.703572e-24
4346.077516 2.709635e-24
4355.962973 2.715711e-24
4365.870915 2.721800e-24
4375.801393 2.727903e-24
4385.754459 2.734020e-24
4395.730164 2.740151e-24
4405.728559 2.746295e-24
4415.749697 2.752452e-24
4425.793628 2.758624e-24
4435.860404 2.764809e-24
4445.950079 2.771008e-24
4456.062703 2.777221e-24
4466.198328 2.783448e-24
4476.357008 2.789688e-24
4486.538795 2.795943e-24
4496.743741 2.802211e-24
4506.971899 2.808493e-24
4517.223321 2.814790e-24
4527.498061 2.821100e-24
4537.796171 2.827424e-24
4548.117706 2.833763e-24
4558.462717 2.840115e-24
4568.831259 2.846482e-24
4579.223384 2.852863e-24
4589.639148 2.859258e-24
4600.078603 2.865225e-24
4610.541803 2.871733e-24
4621.028802 2.878256e-24
4631.539655 2.884794e-24
4642.074415 2.891347e-24
4652.633138 2.897915e-24
4663.215877 2.904498e-24
4673.822687 2.911095e-24
4684.453623 2.917708e-24
4695.108740 2.924335e-24
4705.788092 2.930978e-24
4716.491736 2.937635e-24
4727.219726 2.944308e-24
4737.972117 2.950996e-24
4748.748966 2.957699e-24
4759.550327 2.964417e-24
4770.376257 2.971150e-24
4781.226811 2.977899e-24
4792.102045 2.984663e-24
4803.002016 2.991442e-24
4813.926779 2.998237e-24
4824.876392 3.005047e-24
4835.850910 3.011872e-24
4846.850391 3.018713e-24
4857.874890 3.025570e-24
4868.924466 3.032442e-24
4879.999175 3.039330e-24
4891.099074 3.046233e-24
4902.224220 3.053152e-24
4913.374672 3.060086e-24
4924.550485 3.067037e-24
4935.751719 3.074003e-24
4946.978431 3.080985e-24
4958.230679 3.087982e-24
4969.508521 3.094996e-24
4980.812015 3.102025e-24
4992.141220 3.109071e-24
5003.496194 3.116132e-24
5014.876996 3.123210e-24
5026.283683 3.130303e-24
5037.716317 3.137413e-24
5049.174954 3.144538e-24
5060.659655 3.151680e-24
5072.170479 3.158838e-24
5083.707485 3.166012e-24
5095.270733 3.173203e-24
5106.860282 3.180410e-24
5118.476192 3.187633e-24
5130.118524 3.194872e-24
5141.787337 3.202128e-24
5153.482691 3.209401e-24
5165.204647 3.216690e-24
5176.953266 3.223995e-24
5188.728608 3.231317e-24
5200.530733 3.238656e-24
5212.359704 3.246011e-24
5224.215580 3.253383e-24
5236.098423 3.260771e-24
5248.008295 3.268177e-24
5259.945256 3.275599e-24
5271.909369 3.283038e-24
5283.900695 3.290494e-24
5295.919296 3.297967e-24
5307.965234 3.305456e-24
5320.038572 3.312963e-24
5332.139371 3.320487e-24
5344.267695 3.328028e-24
5356.423605 3.335585e-24
5368.607164 3.343160e-24
5380.818436 3.350753e-24
5393.057484 3.358362e-24
5405.324369 3.365989e-24
5417.619157 3.373633e-24
5429.941910 3.381294e-24
5442.292692 3.388973e-24
5454.671567 3.396669e-24
5467.078599 3.404382e-24
5479.513851 3.412113e-24
5491.977388 3.419862e-24
5504.469274 3.427628e-24
5516.989573 3.435412e-24
5529.538352 3.443213e-24
5542.115673 3.451032e-24
5554.721602 3.458869e-24
5567.356204 3.466723e-24
5580.019545 3.474596e-24
5592.711689 3.482486e-24
5605.432702 3.490394e-24
5618.182650 3.498320e-24
5630.961599 3.506264e-24
5643.769614 3.514226e-24
5656.606762 3.522206e-24
5669.473110 3.530205e-24
5682.368722 3.538221e-24
5695.293667 3.546255e-24
5708.248010 3.554308e-24
5721.231819 3.562379e-24
5734.245160 3.570468e-24
5747.288101 3.578576e-24
5760.360709 3.586702e-24
5773.463052 3.594846e-24
5786.595197 3.603009e-24
5799.757212 3.611191e-24
5812.949164 3.619391e-24
5826.171123 3.627609e-24
5839.423156 3.635846e-24
5852.705332 3.644102e-24
5866.017719 3.652377e-24
5879.360386 3.660670e-24
5892.733402 3.668982e-24
5906.136836 3.677313e-24
5919.570756 3.685663e-24
5933.035233 3.694032e-24
5946.530336 3.702420e-24
5960.056135 3.710827e-24
5973.612699 3.719253e-24
5987.200098 3.727698e-24
6000.818403 3.736162e-24
6014.467683 3.744645e-24
6028.148010 3.753148e-24
6041.859454 3.761670e-24
6055.602085 3.770211e-24
6069.375975 3.778771e-24
6083.181194 3.787351e-24
6097.017815 3.795951e-24
6110.885908 3.804569e-24
6124.785544 3.813208e-24
6138.716797 3.821866e-24
6152.679737 3.830544e-24
6166.674437 3.839241e-24
6180.700968 3.847958e-24
6194.759404 3.856695e-24
6208.849817 3.865452e-24
6222.972280 3.874228e-24
6237.126865 3.883024e-24
6251.313645 3.891841e-24
6265.532695 3.900677e-24
6279.784087 3.909533e-24
6294.067894 3.918410e-24
6308.384191 3.927307e-24
6322.733051 3.936223e-24
6337.114549 3.945160e-24
6351.528759 3.954117e-24
6365.975755 3.963095e-24
6380.455611 3.972093e-24
6394.968403 3.981111e-24
6409.514205 3.990150e-24
6424.093093 3.999209e-24
6438.705141 4.008289e-24
6453.350426 4.017389e-24
6468.029022 4.026510e-24
6482.741006 4.035652e-24
6497.486453 4.044815e-24
6512.265440 4.053998e-24
6527.078042 4.063202e-24
6541.924337 4.072427e-24
6556.804401 4.081673e-24
6571.718310 4.090939e-24
6586.666143 4.100227e-24
6601.647975 4.109536e-24
6616.663884 4.118866e-24
6631.713948 4.128217e-24
6646.798245 4.137589e-24
6661.916851 4.146983e-24
6677.069847 4.156398e-24
6692.257308 4.165834e-24
6707.479315 4.175292e-24
6722.735945 4.184771e-24
6738.027277 4.194271e-24
6753.353391 4.203793e-24
6768.714365 4.213337e-24
6784.110278 4.222902e-24
6799.541211 4.232489e-24
6815.007242 4.242098e-24
6830.508452 4.251729e-24
6846.044921 4.261381e-24
6861.616728 4.271055e-24
6877.223955 4.280752e-24
6892.866681 4.290470e-24
6908.544987 4.300210e-24
6924.258955 4.309972e-24
6940.008666 4.319757e-24
6955.794200 4.329563e-24
6971.615640 4.339392e-24
6987.473067 4.349244e-24
7003.366562 4.359117e-24
7019.296208 4.369013e-24
7035.262088 4.378931e-24
7051.264283 4.388872e-24
7067.302876 4.398835e-24
7083.377950 4.408821e-24
7099.489588 4.418830e-24
7115.637873 4.428861e-24
7131.822888 4.438915e-24
7148.044717 4.448992e-24
7164.303444 4.459092e-24
7180.599152 4.469214e-24
7196.931927 4.479360e-24
7213.301851 4.489528e-24
7229.709010 4.499720e-24
7246.153488 4.509935e-24
7262.635370 4.520173e-24
7279.154741 4.530434e-24
7295.711687 4.540718e-24
7312.306293 4.551026e-24
7328.938644 4.561357e-24
7345.608827 4.571711e-24
7362.316927 4.582089e-24
7379.063031 4.592491e-24
7395.847226 4.602916e-24
7412.669597 4.613364e-24
7429.530231 4.623837e-24
7446.429217 4.634333e-24
7463.366640 4.644853e-24
7480.342588 4.655397e-24
7497.357150 4.665964e-24
7514.410413 4.676556e-24
7531.502464 4.687172e-24
7548.633392 4.697812e-24
7565.803286 4.708475e-24
7583.012234 4.719164e-24
7600.260325 4.729876e-24
7617.547648 4.740612e-24
7634.874292 4.751373e-24
7652.240347 4.762159e-24
7669.645902 4.772968e-24
7687.091047 4.783803e-24
7704.575872 4.794662e-24
7722.100468 4.805545e-24
7739.664925 4.816453e-24
7757.269333 4.827386e-24
7774.913784 4.838344e-24
7792.598369 4.849326e-24
7810.323178 4.860334e-24
7828.088303 4.871366e-24
7845.893837 4.882424e-24
7863.739870 4.893506e-24
7881.626496 4.904614e-24
7899.553806 4.915747e-24
7917.521893 4.926905e-24
7935.530849 4.938088e-24
7953.580768 4.949297e-24
7971.671743 4.960531e-24
7989.803867 4.971791e-24
8007.977234 4.983076e-24
8026.191938 4.994386e-24
8044.448072 5.005723e-24
8062.745731 5.017085e-24
8081.085009 5.028473e-24
8099.466001 5.039886e-24
8117.888802 5.051326e-24
8136.353507 5.062791e-24
8154.860211 5.074283e-24
8173.409010 5.085800e-24
8192.000000 5.097344e-24
