-2.097733433313234030e+00
5.790426174512453450e+00
-5.382628519802410416e+00
-8.651677765736724979e+00
-7.226510795315950197e+00
5.988185870869361160e+00
9.354413445178291653e+00
9.392731035655049965e+00
-1.179571220260211772e+00
-8.533918477273898517e+00
-5.538110241213053619e+00
-7.049457077249795312e+00
-8.504078082075483991e+00
-1.096428775289721047e+00
9.643042659284349227e+00
2.309654795039384645e+00
3.519287046275089148e-01
9.024354831038831293e+00
2.791154626026756791e+00
-8.344634102062041592e+00
-4.383924672574234016e+00
7.008110179736394274e-01
1.207433454638691783e+00
-2.759184281352019319e+00
-5.547365074638113569e+00
-7.370506899015329516e+00
5.651671294064615658e+00
6.742957170434482173e+00
-1.026909455922974956e+01
-1.751088885937411987e+01
-1.031826186644437016e+01
6.708348029640451848e+00
5.667170293584176122e+00
-7.327660171925022503e+00
-5.509014447445879092e+00
1.825897499732032303e+00
4.217613688307703335e+00
4.240000838286237972e+00
4.211529886529152833e+00
1.804929141031036410e+00
-3.954430620065253477e-01
-8.073556563687343868e+00
-3.169408744812915124e+00
9.276288498972967034e+00
-7.712643963805073666e-01
-2.029547941282910628e+01
-2.156141384708991637e+01
-2.231193832079319961e+01
-1.692970257013593027e+01
4.201847003532253488e+00
7.320783511700208912e+00
-6.052621322338844756e+00
-6.681100273160938130e+00
1.436707520763939927e+00
4.248998681242215802e+00
2.383603464970616592e+00
6.895177883759499027e-01
9.598514719428951070e-01
2.990813412736058829e+00
4.209194691640996133e+00
3.591817253856036896e+00
-3.503595217825224317e+00
-8.447539912301163412e+00
1.645806969257212815e+00
9.214762147375999746e+00
-8.896871132424710282e+00
-2.246062203491105080e+01
-3.123123620829621583e+00
6.309009105266143003e+00
-1.552686464710721026e+01
-1.956967475900231435e+01
2.828969995700430395e+00
8.010307702978936462e+00
-5.091845804404273146e+00
-7.420744025006481337e+00
7.751564096152837591e-01
4.210037315743272224e+00
1.125156918958970964e+00
-2.637530551082881480e+00
-4.481299861496853332e+00
-4.779062133542828938e+00
-3.785586836959784041e+00
-9.246614896696189190e-01
3.130195447219828786e+00
3.835634739874923760e+00
2.122736793714374848e+00
-6.118084330659267600e+00
-7.078780338177639742e+00
5.246301805318351441e+00
7.166857449000731073e+00
-1.455127447459732082e+01
-1.848058862672331060e+01
2.688090699925411542e+01
6.686580511232112656e+01
4.087550927512008059e+01
-1.111132532492630176e+01
-1.953341634145167305e+01
3.240538876458170847e+00
7.985953545051371449e+00
-4.780925002099942311e+00
-7.719003373380538768e+00
3.130782176194949473e-01
4.217540889300137152e+00
6.227316940439907578e-01
-4.026140697719285733e+00
-5.922269043501015240e+00
-5.853033374783504605e+00
-5.544872176571769451e+00
-5.743850962174972707e+00
-6.005868198400956537e+00
-4.771826459110572571e+00
-6.819021927150971107e-01
3.544528040839464156e-01
4.239176181866900706e+00
2.893958131163422154e-01
-7.632342127720098013e+00
-5.241163453110307735e+00
7.197860200083441740e+00
5.324955504632598924e+00
-1.688909702264506052e+01
-1.519778020368140758e+01
4.599502588362053501e+01
1.183353873203880084e+02
1.183389556491642480e+02
4.600482651770400366e+01
-1.518376073309965868e+01
-1.687337252030781443e+01
5.338649206003036163e+00
7.204747988971581307e+00
-5.243812166862937829e+00
-7.641928014535872116e+00
2.799631427784375903e-01
4.236644698176884383e+00
3.608437042538296113e-01
-4.637802754285416107e+00
-5.940012627072818852e+00
-4.336278960356293233e+00
-2.300192973538007557e+00
-1.149482304523350207e+00
-1.150541997006482076e+00
-2.304312266412535060e+00
-4.344890686645274336e+00
-5.952378871953640349e+00
-4.649912335273351793e+00
-5.578355054918584521e+00
-5.149512651074567016e-01
4.241394975464420902e+00
-4.377216991513933619e-01
-8.303103967743545866e+00
-2.373792182241136750e+00
9.396353281336590868e+00
-2.164555229802191061e+00
-2.258555932157431556e+01
1.112858492763449192e+01
1.030491492989638260e+02
1.558783625387777079e+02
1.030555461470502365e+02
1.113727863978432175e+01
-2.257906996056203397e+01
-2.162489641612002522e+00
9.393848207426833241e+00
-2.379384965939025598e+00
-8.308229321576808601e+00
-4.377216991513791511e-01
4.249325215999518512e+00
-5.000722358592152306e-01
-5.560236189286447583e+00
-4.986960812610994331e+00
-1.382391346323285530e+00
1.434086827354519089e+00
2.586789625730435027e+00
2.820389428368481610e+00
2.582594672994377838e+00
1.425179941707584108e+00
-1.396112093932164511e+00
-5.004288403103279492e+00
-5.834187370058177002e+00
-5.310166398685759459e-01
4.277088029199641817e+00
-1.922174294151731244e+00
-8.538239876527377703e+00
1.311158452439574740e+00
9.186753779771470008e+00
-1.057331081486203139e+01
-1.982443843437856046e+01
3.834791883535132939e+01
1.198828247241305291e+02
1.198838112232151332e+02
3.834888244403416735e+01
-1.982702774923867040e+01
-1.058054694330958867e+01
9.177000009646437917e+00
1.302481246054726371e+00
-8.542242359573766208e+00
-1.919177076619231981e+00
4.286372291969079207e+00
-5.193564294464944053e-01
-5.824438614237104517e+00
-3.954658177009593878e+00
7.185002677898789658e-01
2.950324175377143199e+00
2.670048822010527623e+00
1.921271084493948011e+00
1.920641977421307489e+00
2.668365509215301579e+00
2.947877567827714707e+00
7.148807178979678101e-01
-3.960851572913215879e+00
-3.421699722541609034e+00
-5.833476016986621993e+00
1.139311226927627596e-01
4.098999795108846378e+00
-3.913012289849773673e+00
-7.820324187530437676e+00
4.987362824006397410e+00
6.546047654427757045e+00
-1.692303663704709038e+01
-1.369126072522606208e+01
4.392151188790627003e+01
8.301824785573992926e+01
4.391913232049181914e+01
-1.369708965566661085e+01
-1.693207978169627026e+01
6.536323474632747654e+00
4.980249346852682280e+00
-7.822477185427749724e+00
-3.909699715151826460e+00
4.105519433877508284e+00
1.188375086279346571e-01
-5.834579204901316096e+00
-3.429226390709505079e+00
1.771437148001883122e+00
2.843361861173877791e+00
6.497113883543194079e-01
-1.498795362529030895e+00
-2.251442478040080353e+00
-1.496580731467820113e+00
6.550381614267638541e-01
2.852163819708159131e+00
1.781744602676121003e+00
-3.456344081284470793e+00
-5.623527923232592762e+00
1.213065981033140117e+00
3.421726199921358624e+00
-5.975593598324699052e+00
-6.010938210188483843e+00
7.754016704963972551e+00
2.745628870942868005e+00
-2.004586618476380266e+01
-1.235169960243802123e+01
2.216984188218918561e+01
2.216831265423266117e+01
-1.235589800954561923e+01
-2.005127540451453427e+01
2.741365553599169225e+00
7.752773540519003248e+00
-6.008873747170933477e+00
-5.971409148126412880e+00
3.425584876321876582e+00
1.213073816042767872e+00
-5.630302634887885738e+00
-3.469644143157611715e+00
2.156148248615838536e+00
2.244921038177134065e+00
-1.500944810479410974e+00
-4.309304570209201657e+00
-5.238498058274248415e+00
-5.237075993561485454e+00
-4.304458636737305888e+00
-1.491552082982871452e+00
2.258896606798950657e+00
2.172131050629191762e+00
2.163503614352766835e+00
-3.954155656192302803e+00
-5.082034220304821659e+00
2.487561521343486071e+00
2.105413352221169987e+00
-7.599426346358153062e+00
-3.474346336417327485e+00
9.195233602374237591e+00
-3.784279678192840057e-01
-2.058073403102070742e+01
-1.790300712239522696e+01
-8.531429202019717550e+00
-1.790426767307236844e+01
-2.058162105238119111e+01
-3.769205601028978725e-01
9.199805393490231964e+00
-3.468095189140575574e+00
-7.593976816808672758e+00
2.107798586659741957e+00
2.485378389028122470e+00
-5.089109296509343849e+00
-3.964595567034208123e+00
2.152716366302255047e+00
1.836859007988761006e+00
-2.924804645007228476e+00
-5.485992657263228267e+00
-5.304512107976525392e+00
-4.874009416125391958e+00
-5.303471853197486929e+00
-5.483347909633919492e+00
-2.919578312626833760e+00
1.845307375578676856e+00
1.821259145937414337e+00
-4.719799232318838911e+00
-4.086667310861709090e+00
3.590104105205007556e+00
2.623025092648930690e-01
-8.443480784126187189e+00
-9.011848981998525909e-01
9.600481440168721292e+00
-1.360916832476844140e+00
-1.866393569586952950e+01
-2.266815556544072408e+01
-2.266788706832731393e+01
-1.866238104075400273e+01
-1.356807149186959771e+00
9.607108529419102538e+00
-8.940144296882316377e-01
-8.438492476216868710e+00
2.633107477157007326e-01
3.587111089258924412e+00
-4.091873307343753652e+00
-4.724202763335870081e+00
1.820335949671176623e+00
1.834602772657623504e+00
-3.581137297985962142e+00
-5.554036514245560774e+00
-3.592454888019400272e+00
-1.696545505274354992e+00
-1.697343223720783056e+00
-3.595049640724520046e+00
-5.558448415500701678e+00
-3.586113026258122893e+00
1.831587722076594371e+00
2.165750364359386282e+00
1.091442710514922254e+00
-5.484522318054836809e+00
-2.645160026562677569e+00
4.208011540706131370e+00
-1.773200375590429312e+00
-8.521830146698359698e+00
1.037849820186446337e+00
9.622185664372242542e+00
4.406068577276022191e-01
-1.278673373706469718e+01
-1.724583619047155736e+01
-1.278514633560269864e+01
4.440490634095788369e-01
9.626913953582137751e+00
1.042074404894472117e+00
-8.520033276073981199e+00
-1.774580304315288792e+00
4.204343084833376487e+00
-2.648697339879973800e+00
-5.484564022196396493e+00
1.097455011109237377e+00
2.177331284766266251e+00
-3.650559234336384407e+00
-5.313637529985165919e+00
-1.731052120019622942e+00
1.375716027063784042e+00
2.249332839597814271e+00
1.372873484032010483e+00
-1.737754168063559979e+00
-5.324677401459111614e+00
-3.663990311620490381e+00
2.643212322186168972e+00
-5.513457680278430195e-02
-5.956653865589757402e+00
-9.472460821839184808e-01
4.205403904411359584e+00
-3.600395190899944531e+00
-8.179930037080932692e+00
1.910673384477070913e+00
9.613489303301804512e+00
4.541721647466033573e+00
-2.655772231091757973e+00
-2.655210924604336498e+00
4.543154540486273874e+00
9.614854928303046222e+00
1.910532747661757957e+00
-8.182414241760135099e+00
-3.604623541374305962e+00
4.201086513169413728e+00
-9.496459945655341128e-01
-5.955018816334448850e+00
-4.793593944228055626e-02
2.655312290916751472e+00
-3.244770756561643932e+00
-5.231782874999627353e+00
-5.503539661365460800e-01
2.953491849576899142e+00
3.344422478233424201e+00
3.343703134477676642e+00
2.950631247986210681e+00
-5.569291990594694708e-01
-5.242812881712572981e+00
-3.258364511030554134e+00
-2.399732751872043490e+00
2.984697044661854815e+00
-1.514586874532884098e+00
-5.932902265224085703e+00
6.995577919720558091e-01
3.698984452695636804e+00
-4.921855126646538459e+00
-7.884970045880772105e+00
1.477249972869487893e+00
9.085455428561990843e+00
8.689935012626051503e+00
7.098328174916022526e+00
8.689883915173918894e+00
9.084523196154410840e+00
1.474370607609204686e+00
-7.889916797384763036e+00
-4.927395976794740839e+00
3.695010397683426095e+00
6.985483720641220140e-01
-5.930689077332000458e+00
-1.509637497896211933e+00
2.991094753831434971e+00
-2.394067969894123404e+00
-5.389154071213884123e+00
-1.940215473377405464e-01
3.357653927806872662e+00
1.964325400812052758e+00
6.688861117528205336e-01
1.965363073717611764e+00
3.358966785195309335e+00
-1.940870116198808171e-01
-5.392118625973941981e+00
-1.153538700890709201e+00
2.935431731438758796e+00
-3.041349599260088077e+00
-5.400988945653258710e+00
2.016316738368314265e+00
3.007150284333627965e+00
-5.600375083733260873e+00
-7.965744593747403179e+00
-4.210874973224730811e-01
6.744147744898326025e+00
9.106319277218034358e+00
9.105968526143819020e+00
6.742788422329456743e+00
-4.239636954194579976e-01
-7.969889612383998845e+00
-5.604272897534593234e+00
3.005425188067218478e+00
2.017533604811073467e+00
-5.397868506885678208e+00
-3.038528224345046880e+00
2.935615278379767101e+00
-1.157508224454433465e+00
-5.593177695226963841e+00
-5.786321808273954259e-01
3.365414270295965515e+00
1.104095234757417610e-01
-3.474641356109374080e+00
-3.473187264416403242e+00
1.151093811359384100e-01
3.373359034214822305e+00
-5.692091837011105104e-01
-5.585323102637141268e+00
-5.509143387732832409e+00
2.875345868928737003e-01
2.380665626642110677e+00
-4.348009311215250250e+00
-4.550414116060506053e+00
2.874350858486964366e+00
2.509108030725236915e+00
-5.570708320439674566e+00
-8.382021251769034009e+00
-3.654462819984978239e+00
1.617195465094680928e+00
3.496203121054230145e+00
1.616502061720609396e+00
-3.655767329791806297e+00
-8.383379031134449377e+00
-5.570983628953272593e+00
2.510915849418609014e+00
2.878108068516540996e+00
-4.546270226871356179e+00
-4.345955067046844533e+00
2.378096383498854216e+00
2.789666265789728650e-01
-5.522582644004923935e+00
-1.583113770921888763e+00
3.357572408920595386e+00
-8.461206085533202748e-01
-6.045111505317044553e+00
-7.074338704972981340e+00
-6.042596777761185756e+00
-8.394887052718101872e-01
3.369172720447786151e+00
-1.568505388560607061e+00
-4.903503695353876424e+00
1.619424520753664831e+00
1.410487331205473094e+00
-5.243717212663255189e+00
-3.684085797948970953e+00
3.297220824521459814e+00
2.498786622160791282e+00
-4.693442571135274299e+00
-8.528527952683223390e+00
-7.153519786015982262e+00
-4.933342567395166967e+00
-4.933425908290600681e+00
-7.153514951741213324e+00
-8.527702979114877735e+00
-4.690962032460558540e+00
2.503031654946247464e+00
3.302130905133164873e+00
-3.680250777257406902e+00
-5.242461437205873764e+00
1.408075102958158631e+00
1.612785514413812349e+00
-4.913446054446361622e+00
-2.982678597137416787e+00
3.188782218306291050e+00
-5.451408587440352838e-01
-6.820576861854107165e+00
-6.148115718491073523e+00
-6.148510069973220915e+00
-6.820596944729524935e+00
-5.422824523090027382e-01
3.196013589225505935e+00
-2.972386240177914196e+00
-4.383581102336987279e+00
-3.735511549679214394e+00
2.557140290921052106e+00
2.812694695752223639e-01
-5.711928424170936047e+00
-3.107106799880243742e+00
3.336299862259054727e+00
3.064781646316038000e+00
-2.729969521381410580e+00
-7.240194053820126818e+00
-8.522679681532114415e+00
-8.545678113902420492e+00
-8.522400901211755198e+00
-7.239155198805345748e+00
-2.727617869962891461e+00
3.068213547254454276e+00
3.339373031144261539e+00
-3.106030728779453742e+00
-5.713151440077179011e+00
2.788734328539385077e-01
2.554894303108917519e+00
-3.736604771045699103e+00
-4.382396372982383603e+00
2.454890318318967424e+00
7.879653292573450818e-01
-6.675827112409709052e+00
-4.092156546179965382e+00
9.449366800002702016e-01
-4.095936359716820796e+00
-6.682203856313028822e+00
7.814093648032299777e-01
2.450611052257767319e+00
-5.342796355088301752e+00
-2.247252942795533226e+00
2.986292156258595565e+00
-6.984186058966322941e-01
-5.876476360187150583e+00
-3.066028178720508812e+00
2.893505465092602869e+00
3.931793973544183807e+00
3.201092393895735855e-01
-3.523546902359196320e+00
-5.434006356631329027e+00
-5.433949935299962952e+00
-3.523366374248855237e+00
3.204100777113031429e-01
3.931897154056963828e+00
2.892460642324363285e+00
-3.069165626183250950e+00
-5.881170462218727302e+00
-7.022151946134113087e-01
2.986269505137411961e+00
-2.241899826579280663e+00
-5.332108067284104358e+00
9.115322417152973422e-01
2.446918385844726984e+00
-5.499744850725723389e+00
-4.676234430804805164e+00
6.712339383349492650e+00
6.710408527003100865e+00
-4.682765039206470803e+00
-5.511431051190186281e+00
2.431983284035048598e+00
8.971024054383641699e-01
-1.235617534993882938e+00
-5.578467565411099116e+00
-8.228024462995552346e-01
3.019688725207441138e+00
-1.264864807268041291e+00
-5.869467678623649043e+00
-3.716197612638053371e+00
1.606951947221480603e+00
4.219928491735092102e+00
3.415353017531114865e+00
1.671763678597962599e+00
9.076291408891502543e-01
1.671684786774561671e+00
3.414619855040860852e+00
4.217901749332095385e+00
1.603288619642757817e+00
-3.721360169165697229e+00
-5.875091350221024911e+00
-1.268838641101079689e+00
3.019688725207435809e+00
-8.175717755006393084e-01
-5.568340698628637675e+00
-1.222517564813647706e+00
3.371746331853633372e+00
-2.767590733245376189e+00
-6.841582408792429071e+00
3.977959716675822044e+00
1.298344615482787212e+01
3.978385807653583850e+00
-6.844203469683251662e+00
-2.775847184541881063e+00
3.359156415139609386e+00
-3.336593668902457122e+00
-5.165584518508886447e+00
2.190173993211538550e-01
2.922028309421007108e+00
-1.202833503263399439e+00
-5.624602626477458678e+00
-4.970468448666342631e+00
-9.790606308422258319e-01
2.448859693223466749e+00
3.927960804852826726e+00
4.220654913814576581e+00
4.221014114231620873e+00
3.928507076629852435e+00
2.448637246899129316e+00
-9.803164491360306654e-01
-4.972003356767324966e+00
-5.625274830453977692e+00
-1.201995220698609534e+00
2.924019962032769371e+00
2.210134339854798180e-01
-5.164684624160083004e+00
-3.337344576341798152e+00
2.767404589536546666e+00
7.870419096409906334e-01
-6.516107278921674961e+00
-3.882951400167080180e+00
6.434253249788674189e+00
6.438169247361895664e+00
-3.873771101346979329e+00
-6.506786766702473024e+00
7.932592479050567524e-01
2.770390257514057541e+00
-2.809594843051066437e+00
-5.296003191576450497e+00
1.379363191319743775e-01
2.904024944643499584e+00
-1.213687337409843359e+00
-5.528119529810839872e+00
-5.449398493152526335e+00
-2.749269370750744734e+00
-3.766285576058577833e-01
5.635575145258534535e-01
2.769196443616863540e-03
-2.047072219753379940e+00
-4.878945805377754574e+00
-5.924764096570763527e+00
-2.570959896477691409e+00
2.362569474621539989e+00
1.503424323897783577e+00
-4.385655579357617739e+00
-4.307198225874896202e+00
2.178882574519434456e+00
1.495529114880224775e+00
-5.934365936399859542e+00
-5.788383590968744663e+00
-1.321670167421804543e+00
-4.438132250452007099e+00
-6.927825495227128094e+00
-2.816688901504161846e-01
3.130772142391056612e+00
-2.781663043344351216e+00
-5.194130708909809435e+00
4.855251904974379196e-01
2.840008133156861181e+00
-1.307206225828614343e+00
-5.283098527727342564e+00
-5.948667230575915177e+00
-5.137490929281985252e+00
-4.871387428343414427e+00
-5.566064626706639373e+00
-5.965744619214625288e+00
-3.676906914323646802e+00
1.214539358964999538e+00
2.668342195777510639e+00
-2.737459558784540281e+00
-5.303666020895762223e+00
8.164654363474675991e-01
2.714447432200492116e+00
-3.978309933643674245e+00
-7.208212237196999439e+00
-7.059245222003448283e+00
-6.464478162962443264e+00
-2.827333544783762198e-01
3.195363736462708992e+00
-3.245642738585942766e+00
-4.827714231262738132e+00
1.154191923914577922e+00
2.701327110339807103e+00
-1.168294244109299829e+00
-4.412005050716561350e+00
-5.473071258211576584e+00
-5.354833879968675880e+00
-3.838050430479149622e+00
-7.344080610483513794e-02
3.041955023912865652e+00
-3.386760639261037209e-01
-5.496915896206323815e+00
-1.456470440590151849e+00
3.413929527993528890e+00
-6.539312552900840014e-01
-4.749503000069423386e+00
-4.179503669913656516e+00
8.029334445089389982e-01
3.028897171808663469e+00
-4.102388975914598390e+00
-4.088284125932193369e+00
1.904310733856103388e+00
2.572523582723713176e+00
-8.834544855273271380e-02
-1.318483922074347392e+00
-1.028302934491203968e-01
2.552651131801745077e+00
1.890079416841277338e+00
-4.089556449352140355e+00
-4.082439798090098826e+00
2.452368749614705301e+00
2.519322984588070469e+00
5.877825575267177083e-01
2.481218329853279503e+00
2.410360634071023522e+00
-5.085844049556605739e+00
-2.889985885396404885e+00
2.372948266223498415e+00
2.851584060751144456e+00
2.706331020199686410e+00
2.818526862298956104e+00
-1.268513932991755633e+00
-5.587424012061537049e+00
-4.622209159667066691e-01
3.226136588784398462e+00
3.309464286059702776e+00
1.017854464385991919e+00
-5.707982150981771419e+00
-1.490814639048641865e+00
1.782643314310859095e+00
7.840606977310652370e-01
-4.418128187229128478e+00
-4.047157981844028640e+00
4.287202081556975575e-01
-1.283061036167102875e+00
-5.349837239072062545e+00
-2.639646639372502435e+00
-5.805586322217406448e+00
-4.235238470831604651e+00
