-2.097733433313233855e-22
5.790426174512450804e-22
-5.382628519802414097e-22
-8.651677765736724342e-22
-7.226510795315946322e-22
5.988185870869362490e-22
9.354413445178291182e-22
9.392731035655048644e-22
-1.179571220260214756e-22
-8.533918477273902081e-22
-5.538110241213053232e-22
-7.049457077249793400e-22
-8.504078082075482565e-22
-1.096428775289720210e-22
9.643042659284348547e-22
2.309654795039386972e-22
3.519287046275112578e-23
9.024354831038832168e-22
2.791154626026755519e-22
-8.344634102062042592e-22
-4.383924672574234858e-22
7.008110179736416254e-23
1.207433454638693119e-22
-2.759184281352018892e-22
-5.547365074638116428e-22
-7.370506899015330055e-22
5.651671294064615862e-22
6.742957170434481886e-22
-1.026909455922974462e-21
-1.751088885937411391e-21
-1.031826186644436606e-21
6.708348029640454872e-22
5.667170293584178787e-22
-7.327660171925022704e-22
-5.509014447445884456e-22
1.825897499732027731e-22
4.217613688307703992e-22
4.240000838286239443e-22
4.211529886529151903e-22
1.804929141031032946e-22
-3.954430620065287606e-23
-8.073556563687346242e-22
-3.169408744812914521e-22
9.276288498972965067e-22
-7.712643963805092147e-23
-2.029547941282909939e-21
-2.156141384708990727e-21
-2.231193832079319504e-21
-1.692970257013592332e-21
4.201847003532253202e-22
7.320783511700212174e-22
-6.052621322338842029e-22
-6.681100273160931355e-22
1.436707520763943152e-22
4.248998681242212132e-22
2.383603464970615749e-22
6.895177883759507757e-23
9.598514719428956253e-23
2.990813412736061002e-22
4.209194691640992729e-22
3.591817253856031956e-22
-3.503595217825226252e-22
-8.447539912301164772e-22
1.645806969257209698e-22
9.214762147375993932e-22
-8.896871132424715919e-22
-2.246062203491105094e-21
-3.123123620829617399e-22
6.309009105266147258e-22
-1.552686464710720863e-21
-1.956967475900231597e-21
2.828969995700430739e-22
8.010307702978934654e-22
-5.091845804404274269e-22
-7.420744025006482410e-22
7.751564096152819367e-23
4.210037315743267588e-22
1.125156918958966319e-22
-2.637530551082883757e-22
-4.481299861496849799e-22
-4.779062133542826318e-22
-3.785586836959781439e-22
-9.246614896696179328e-23
3.130195447219825827e-22
3.835634739874921277e-22
2.122736793714372489e-22
-6.118084330659269065e-22
-7.078780338177639308e-22
5.246301805318341523e-22
7.166857449000716637e-22
-1.455127447459731970e-21
-1.848058862672330915e-21
2.688090699925411548e-21
6.686580511232110953e-21
4.087550927512007747e-21
-1.111132532492629632e-21
-1.953341634145166831e-21
3.240538876458170349e-22
7.985953545051367995e-22
-4.780925002099940596e-22
-7.719003373380540130e-22
3.130782176194890667e-23
4.217540889300130157e-22
6.227316940439842555e-23
-4.026140697719283673e-22
-5.922269043501015997e-22
-5.853033374783509167e-22
-5.544872176571774329e-22
-5.743850962174971125e-22
-6.005868198400958837e-22
-4.771826459110573931e-22
-6.819021927151012063e-23
3.544528040839513242e-23
4.239176181866906382e-22
2.893958131163440439e-23
-7.632342127720097986e-22
-5.241163453110323157e-22
7.197860200083420623e-22
5.324955504632584045e-22
-1.688909702264506900e-21
-1.519778020368140914e-21
4.599502588362054029e-21
1.183353873203879942e-20
1.183389556491642168e-20
4.600482651770400114e-21
-1.518376073309965548e-21
-1.687337252030781377e-21
5.338649206003045022e-22
7.204747988971581729e-22
-5.243812166862947463e-22
-7.641928014535877761e-22
2.799631427784415178e-23
4.236644698176885432e-22
3.608437042538305187e-23
-4.637802754285415124e-22
-5.940012627072825685e-22
-4.336278960356302204e-22
-2.300192973538014654e-22
-1.149482304523347803e-22
-1.150541997006485905e-22
-2.304312266412527654e-22
-4.344890686645261210e-22
-5.952378871953629439e-22
-4.649912335273344134e-22
-5.578355054918585899e-22
-5.149512651074534175e-23
4.241394975464425883e-22
-4.377216991513831515e-23
-8.303103967743545870e-22
-2.373792182241152382e-22
9.396353281336568722e-22
-2.164555229802195253e-22
-2.258555932157431050e-21
1.112858492763448911e-21
1.030491492989638147e-20
1.558783625387777053e-20
1.030555461470502252e-20
1.113727863978432512e-21
-2.257906996056202502e-21
-2.162489641611992648e-22
9.393848207426830063e-22
-2.379384965939035893e-22
-8.308229321576824508e-22
-4.377216991513906746e-23
4.249325215999517779e-22
-5.000722358592090061e-23
-5.560236189286442623e-22
-4.986960812611010386e-22
-1.382391346323290104e-22
1.434086827354510991e-22
2.586789625730438752e-22
2.820389428368483407e-22
2.582594672994375354e-22
1.425179941707588851e-22
-1.396112093932147731e-22
-5.004288403103269616e-22
-5.834187370058171418e-22
-5.310166398685737115e-23
4.277088029199640402e-22
-1.922174294151734913e-22
-8.538239876527378581e-22
1.311158452439571404e-22
9.186753779771461357e-22
-1.057331081486203239e-21
-1.982443843437856468e-21
3.834791883535131971e-21
1.198828247241305266e-20
1.198838112232151367e-20
3.834888244403416546e-21
-1.982702774923866707e-21
-1.058054694330958306e-21
9.177000009646446716e-22
1.302481246054733152e-22
-8.542242359573767766e-22
-1.919177076619247240e-22
4.286372291969062915e-22
-5.193564294465006978e-23
-5.824438614237106051e-22
-3.954658177009600242e-22
7.185002677898708021e-23
2.950324175377130260e-22
2.670048822010508474e-22
1.921271084493964402e-22
1.920641977421308892e-22
2.668365509215306820e-22
2.947877567827718943e-22
7.148807178979717394e-23
-3.960851572913215487e-22
-3.421699722541605683e-22
-5.833476016986619049e-22
1.139311226927600531e-23
4.098999795108841541e-22
-3.913012289849775390e-22
-7.820324187530442935e-22
4.987362824006391398e-22
6.546047654427747018e-22
-1.692303663704709095e-21
-1.369126072522606036e-21
4.392151188790626408e-21
8.301824785573991730e-21
4.391913232049181745e-21
-1.369708965566660889e-21
-1.693207978169627086e-21
6.536323474632741394e-22
4.980249346852679691e-22
-7.822477185427751611e-22
-3.909699715151827385e-22
4.105519433877507131e-22
1.188375086279360195e-23
-5.834579204901319371e-22
-3.429226390709503639e-22
1.771437148001889098e-22
2.843361861173877392e-22
6.497113883543133479e-23
-1.498795362529035259e-22
-2.251442478040092221e-22
-1.496580731467821641e-22
6.550381614267623909e-23
2.852163819708160823e-22
1.781744602676126166e-22
-3.456344081284475237e-22
-5.623527923232597822e-22
1.213065981033140458e-22
3.421726199921362281e-22
-5.975593598324700297e-22
-6.010938210188489288e-22
7.754016704963970804e-22
2.745628870942870917e-22
-2.004586618476380077e-21
-1.235169960243802451e-21
2.216984188218918321e-21
2.216831265423265820e-21
-1.235589800954561751e-21
-2.005127540451453226e-21
2.741365553599170106e-22
7.752773540519001587e-22
-6.008873747170938397e-22
-5.971409148126411095e-22
3.425584876321879834e-22
1.213073816042766741e-22
-5.630302634887891142e-22
-3.469644143157614386e-22
2.156148248615842717e-22
2.244921038177134423e-22
-1.500944810479417063e-22
-4.309304570209204172e-22
-5.238498058274251118e-22
-5.237075993561482411e-22
-4.304458636737308442e-22
-1.491552082982873102e-22
2.258896606798948700e-22
2.172131050629191898e-22
2.163503614352767448e-22
-3.954155656192302970e-22
-5.082034220304822066e-22
2.487561521343486000e-22
2.105413352221170645e-22
-7.599426346358154972e-22
-3.474346336417329435e-22
9.195233602374239560e-22
-3.784279678192807934e-23
-2.058073403102070927e-21
-1.790300712239522952e-21
-8.531429202019718822e-22
-1.790426767307236943e-21
-2.058162105238118608e-21
-3.769205601028987748e-23
9.199805393490227927e-22
-3.468095189140575287e-22
-7.593976816808670064e-22
2.107798586659747653e-22
2.485378389028126380e-22
-5.089109296509345136e-22
-3.964595567034210907e-22
2.152716366302255866e-22
1.836859007988762508e-22
-2.924804645007227040e-22
-5.485992657263228597e-22
-5.304512107976522680e-22
-4.874009416125390810e-22
-5.303471853197484763e-22
-5.483347909633920206e-22
-2.919578312626837780e-22
1.845307375578674156e-22
1.821259145937419750e-22
-4.719799232318840016e-22
-4.086667310861713257e-22
3.590104105205002135e-22
2.623025092648946733e-23
-8.443480784126185899e-22
-9.011848981998541898e-23
9.600481440168719686e-22
-1.360916832476843609e-22
-1.866393569586953412e-21
-2.266815556544072779e-21
-2.266788706832731930e-21
-1.866238104075400240e-21
-1.356807149186958776e-22
9.607108529419099409e-22
-8.940144296882333444e-23
-8.438492476216865687e-22
2.633107477157030070e-23
3.587111089258926527e-22
-4.091873307343754403e-22
-4.724202763335870205e-22
1.820335949671179045e-22
1.834602772657625819e-22
-3.581137297985960634e-22
-5.554036514245560132e-22
-3.592454888019400792e-22
-1.696545505274351328e-22
-1.697343223720784108e-22
-3.595049640724520494e-22
-5.558448415500705250e-22
-3.586113026258124524e-22
1.831587722076597344e-22
2.165750364359387072e-22
1.091442710514926734e-22
-5.484522318054834624e-22
-2.645160026562683032e-22
4.208011540706123330e-22
-1.773200375590432713e-22
-8.521830146698360616e-22
1.037849820186445340e-22
9.622185664372242431e-22
4.406068577276030738e-23
-1.278673373706470102e-21
-1.724583619047156348e-21
-1.278514633560270125e-21
4.440490634095786728e-23
9.626913953582137300e-22
1.042074404894474722e-22
-8.520033276073978297e-22
-1.774580304315290030e-22
4.204343084833372117e-22
-2.648697339879974214e-22
-5.484564022196391442e-22
1.097455011109241048e-22
2.177331284766267178e-22
-3.650559234336384942e-22
-5.313637529985168428e-22
-1.731052120019623704e-22
1.375716027063787478e-22
2.249332839597816100e-22
1.372873484032011471e-22
-1.737754168063559034e-22
-5.324677401459112505e-22
-3.663990311620493177e-22
2.643212322186173425e-22
-5.513457680278258250e-24
-5.956653865589760304e-22
-9.472460821839225385e-23
4.205403904411356626e-22
-3.600395190899946620e-22
-8.179930037080934956e-22
1.910673384477070049e-22
9.613489303301806514e-22
4.541721647466032972e-22
-2.655772231091761723e-22
-2.655210924604342180e-22
4.543154540486272739e-22
9.614854928303046876e-22
1.910532747661760959e-22
-8.182414241760132116e-22
-3.604623541374303993e-22
4.201086513169412492e-22
-9.496459945655377186e-23
-5.955018816334450553e-22
-4.793593944227775407e-24
2.655312290916756993e-22
-3.244770756561641767e-22
-5.231782874999627568e-22
-5.503539661365444487e-23
2.953491849576902243e-22
3.344422478233428710e-22
3.343703134477679437e-22
2.950631247986211875e-22
-5.569291990594695676e-23
-5.242812881712571966e-22
-3.258364511030549711e-22
-2.399732751872041841e-22
2.984697044661855707e-22
-1.514586874532884290e-22
-5.932902265224089408e-22
6.995577919720522983e-23
3.698984452695634254e-22
-4.921855126646539134e-22
-7.884970045880771270e-22
1.477249972869486866e-22
9.085455428561989715e-22
8.689935012626046575e-22
7.098328174916018297e-22
8.689883915173914300e-22
9.084523196154410324e-22
1.474370607609208754e-22
-7.889916797384756834e-22
-4.927395976794736170e-22
3.695010397683424835e-22
6.985483720641164684e-23
-5.930689077332003721e-22
-1.509637497896210708e-22
2.991094753831438545e-22
-2.394067969894119293e-22
-5.389154071213882445e-22
-1.940215473377411050e-23
3.357653927806873633e-22
1.964325400812054726e-22
6.688861117528207501e-23
1.965363073717612598e-22
3.358966785195309856e-22
-1.940870116198802254e-23
-5.392118625973940236e-22
-1.153538700890713336e-22
2.935431731438756517e-22
-3.041349599260087939e-22
-5.400988945653260032e-22
2.016316738368310632e-22
3.007150284333625086e-22
-5.600375083733259735e-22
-7.965744593747400632e-22
-4.210874973224748509e-23
6.744147744898321703e-22
9.106319277218031325e-22
9.105968526143816859e-22
6.742788422329458679e-22
-4.239636954194559873e-23
-7.969889612383996726e-22
-5.604272897534589050e-22
3.005425188067218815e-22
2.017533604811069234e-22
-5.397868506885683730e-22
-3.038528224345049035e-22
2.935615278379768454e-22
-1.157508224454430866e-22
-5.593177695226965030e-22
-5.786321808273951183e-23
3.365414270295966359e-22
1.104095234757426663e-23
-3.474641356109376554e-22
-3.473187264416401106e-22
1.151093811359411390e-23
3.373359034214824974e-22
-5.692091837011101803e-23
-5.585323102637144835e-22
-5.509143387732833718e-22
2.875345868928693747e-23
2.380665626642107031e-22
-4.348009311215252411e-22
-4.550414116060508101e-22
2.874350858486963903e-22
2.509108030725238773e-22
-5.570708320439672854e-22
-8.382021251769036976e-22
-3.654462819984982430e-22
1.617195465094679203e-22
3.496203121054230561e-22
1.616502061720609628e-22
-3.655767329791805822e-22
-8.383379031134449196e-22
-5.570983628953269053e-22
2.510915849418609179e-22
2.878108068516536580e-22
-4.546270226871358955e-22
-4.345955067046846907e-22
2.378096383498851453e-22
2.789666265789714873e-23
-5.522582644004921799e-22
-1.583113770921884199e-22
3.357572408920596799e-22
-8.461206085533204117e-23
-6.045111505317045723e-22
-7.074338704972982652e-22
-6.042596777761186391e-22
-8.394887052718078305e-23
3.369172720447788739e-22
-1.568505388560605275e-22
-4.903503695353881609e-22
1.619424520753661358e-22
1.410487331205475057e-22
-5.243717212663252046e-22
-3.684085797948968081e-22
3.297220824521461451e-22
2.498786622160794332e-22
-4.693442571135273845e-22
-8.528527952683226881e-22
-7.153519786015985559e-22
-4.933342567395165803e-22
-4.933425908290598180e-22
-7.153514951741212626e-22
-8.527702979114881320e-22
-4.690962032460559516e-22
2.503031654946247652e-22
3.302130905133162493e-22
-3.680250777257410700e-22
-5.242461437205876073e-22
1.408075102958157398e-22
1.612785514413808285e-22
-4.913446054446364524e-22
-2.982678597137416388e-22
3.188782218306292967e-22
-5.451408587440349912e-23
-6.820576861854107435e-22
-6.148115718491071492e-22
-6.148510069973217312e-22
-6.820596944729524332e-22
-5.422824523090025523e-23
3.196013589225509017e-22
-2.972386240177916193e-22
-4.383581102336990437e-22
-3.735511549679214976e-22
2.557140290921054045e-22
2.812694695752272008e-23
-5.711928424170930484e-22
-3.107106799880240394e-22
3.336299862259055326e-22
3.064781646316034548e-22
-2.729969521381413645e-22
-7.240194053820127761e-22
-8.522679681532116270e-22
-8.545678113902422815e-22
-8.522400901211755443e-22
-7.239155198805347481e-22
-2.727617869962896725e-22
3.068213547254448708e-22
3.339373031144259211e-22
-3.106030728779452395e-22
-5.713151440077178408e-22
2.788734328539413331e-23
2.554894303108918333e-22
-3.736604771045699334e-22
-4.382396372982382925e-22
2.454890318318970082e-22
7.879653292573466484e-23
-6.675827112409708227e-22
-4.092156546179967134e-22
9.449366800002669132e-23
-4.095936359716823946e-22
-6.682203856313029186e-22
7.814093648032290343e-23
2.450611052257765314e-22
-5.342796355088301150e-22
-2.247252942795532601e-22
2.986292156258599572e-22
-6.984186058966257518e-23
-5.876476360187145079e-22
-3.066028178720503901e-22
2.893505465092607011e-22
3.931793973544184947e-22
3.201092393895739191e-23
-3.523546902359193452e-22
-5.434006356631323927e-22
-5.433949935299956907e-22
-3.523366374248853040e-22
3.204100777113022523e-23
3.931897154056961848e-22
2.892460642324362293e-22
-3.069165626183250777e-22
-5.881170462218725466e-22
-7.022151946134087291e-23
2.986269505137411295e-22
-2.241899826579285682e-22
-5.332108067284110836e-22
9.115322417152943445e-23
2.446918385844725734e-22
-5.499744850725724611e-22
-4.676234430804805702e-22
6.712339383349491352e-22
6.710408527003099896e-22
-4.682765039206470664e-22
-5.511431051190182791e-22
2.431983284035054850e-22
8.971024054383698777e-23
-1.235617534993878484e-22
-5.578467565411100532e-22
-8.228024462995575250e-23
3.019688725207441473e-22
-1.264864807268038767e-22
-5.869467678623649439e-22
-3.716197612638055657e-22
1.606951947221477539e-22
4.219928491735088791e-22
3.415353017531113205e-22
1.671763678597965686e-22
9.076291408891550190e-23
1.671684786774563749e-22
3.414619855040857325e-22
4.217901749332093112e-22
1.603288619642754459e-22
-3.721360169165703649e-22
-5.875091350221029083e-22
-1.268838641101079483e-22
3.019688725207439592e-22
-8.175717755006367427e-23
-5.568340698628636880e-22
-1.222517564813644420e-22
3.371746331853636618e-22
-2.767590733245376467e-22
-6.841582408792431897e-22
3.977959716675816139e-22
1.298344615482786648e-21
3.978385807653579461e-22
-6.844203469683251976e-22
-2.775847184541878374e-22
3.359156415139615353e-22
-3.336593668902449777e-22
-5.165584518508882269e-22
2.190173993211580138e-23
2.922028309421012720e-22
-1.202833503263397321e-22
-5.624602626477460603e-22
-4.970468448666349123e-22
-9.790606308422290886e-23
2.448859693223468056e-22
3.927960804852829699e-22
4.220654913814578299e-22
4.221014114231618536e-22
3.928507076629848545e-22
2.448637246899124994e-22
-9.803164491360366162e-23
-4.972003356767333128e-22
-5.625274830453982799e-22
-1.201995220698608544e-22
2.924019962032776829e-22
2.210134339854859764e-23
-5.164684624160080273e-22
-3.337344576341794843e-22
2.767404589536552445e-22
7.870419096409960693e-23
-6.516107278921676049e-22
-3.882951400167085660e-22
6.434253249788666800e-22
6.438169247361886939e-22
-3.873771101346984739e-22
-6.506786766702471185e-22
7.932592479050638995e-23
2.770390257514067752e-22
-2.809594843051067895e-22
-5.296003191576453769e-22
1.379363191319732631e-23
2.904024944643502243e-22
-1.213687337409840181e-22
-5.528119529810841430e-22
-5.449398493152528641e-22
-2.749269370750747660e-22
-3.766285576058592318e-23
5.635575145258517701e-23
2.769196443614403625e-25
-2.047072219753381330e-22
-4.878945805377754622e-22
-5.924764096570763519e-22
-2.570959896477691187e-22
2.362569474621539508e-22
1.503424323897783387e-22
-4.385655579357616579e-22
-4.307198225874893453e-22
2.178882574519439276e-22
1.495529114880227778e-22
-5.934365936399859853e-22
-5.788383590968747495e-22
-1.321670167421807531e-22
-4.438132250452010154e-22
-6.927825495227128852e-22
-2.816688901504131575e-23
3.130772142391058824e-22
-2.781663043344353821e-22
-5.194130708909813933e-22
4.855251904974347601e-23
2.840008133156861128e-22
-1.307206225828615953e-22
-5.283098527727346998e-22
-5.948667230575916300e-22
-5.137490929281982827e-22
-4.871387428343409916e-22
-5.566064626706635851e-22
-5.965744619214624354e-22
-3.676906914323647426e-22
1.214539358964995762e-22
2.668342195777506256e-22
-2.737459558784541542e-22
-5.303666020895762209e-22
8.164654363474683715e-23
2.714447432200491966e-22
-3.978309933643673097e-22
-7.208212237196996855e-22
-7.059245222003444845e-22
-6.464478162962441767e-22
-2.827333544783742892e-23
3.195363736462710472e-22
-3.245642738585946835e-22
-4.827714231262740761e-22
1.154191923914578233e-22
2.701327110339807035e-22
-1.168294244109300492e-22
-4.412005050716565336e-22
-5.473071258211579982e-22
-5.354833879968676586e-22
-3.838050430479147820e-22
-7.344080610483689264e-24
3.041955023912860575e-22
-3.386760639261094890e-23
-5.496915896206325545e-22
-1.456470440590151387e-22
3.413929527993529074e-22
-6.539312552900842195e-23
-4.749503000069420714e-22
-4.179503669913652100e-22
8.029334445089418103e-23
3.028897171808663199e-22
-4.102388975914599230e-22
-4.088284125932194497e-22
1.904310733856102431e-22
2.572523582723711297e-22
-8.834544855273565177e-24
-1.318483922074350461e-22
-1.028302934491201714e-23
2.552651131801746873e-22
1.890079416841276712e-22
-4.089556449352144234e-22
-4.082439798090101693e-22
2.452368749614701609e-22
2.519322984588069784e-22
5.877825575267208370e-23
2.481218329853283446e-22
2.410360634071024478e-22
-5.085844049556605809e-22
-2.889985885396407169e-22
2.372948266223494725e-22
2.851584060751140295e-22
2.706331020199686717e-22
2.818526862298958748e-22
-1.268513932991755699e-22
-5.587424012061539491e-22
-4.622209159667077778e-23
3.226136588784401267e-22
3.309464286059709381e-22
1.017854464385996521e-22
-5.707982150981770029e-22
-1.490814639048639791e-22
1.782643314310859603e-22
7.840606977310678090e-23
-4.418128187229127165e-22
-4.047157981844029105e-22
4.287202081556995823e-23
-1.283061036167100533e-22
-5.349837239072060270e-22
-2.639646639372501012e-22
-5.805586322217405332e-22
-4.235238470831601277e-22
